0.000000000000000000e+00 5.000000000000000000e+02 5.000000000000000000e+02 5.000000000000000000e+02 0.000000000000000000e+00 0.000000000000000000e+00 0.000000000000000000e+00
5.000000000000000000e+00 5.000000000000000000e+02 5.000000000000000000e+02 5.000000000000000000e+02 0.000000000000000000e+00 0.000000000000000000e+00 0.000000000000000000e+00
1.000000000000000000e+01 5.000000000000000000e+02 5.000000000000000000e+02 5.000000000000000000e+02 0.000000000000000000e+00 0.000000000000000000e+00 0.000000000000000000e+00
1.500000000000000000e+01 5.000000000000000000e+02 2.125999999999999943e+02 5.000000000000000000e+02 0.000000000000000000e+00 0.000000000000000000e+00 2.150915534451251432e+01
2.000000000000000000e+01 5.000000000000000000e+02 2.125999999999999943e+02 5.000000000000000000e+02 0.000000000000000000e+00 0.000000000000000000e+00 2.150915534451251432e+01
2.500000000000000000e+01 5.000000000000000000e+02 2.125999999999999943e+02 5.000000000000000000e+02 0.000000000000000000e+00 0.000000000000000000e+00 2.150915534451251432e+01
3.000000000000000000e+01 5.000000000000000000e+02 1.919999999999999929e+01 5.000000000000000000e+02 0.000000000000000000e+00 0.000000000000000000e+00 3.942665700949229546e+01
3.500000000000000000e+01 5.000000000000000000e+02 2.108000000000000114e+02 5.000000000000000000e+02 0.000000000000000000e+00 0.000000000000000000e+00 2.508722011315062517e+01
4.000000000000000000e+01 5.000000000000000000e+02 2.108000000000000114e+02 5.000000000000000000e+02 0.000000000000000000e+00 0.000000000000000000e+00 2.508722011315062517e+01
4.500000000000000000e+01 5.000000000000000000e+02 1.960000000000000142e+01 5.000000000000000000e+02 0.000000000000000000e+00 0.000000000000000000e+00 3.870968516467521425e+01
5.000000000000000000e+01 5.000000000000000000e+02 5.000000000000000000e+02 5.000000000000000000e+02 0.000000000000000000e+00 0.000000000000000000e+00 0.000000000000000000e+00
5.500000000000000000e+01 5.000000000000000000e+02 2.125999999999999943e+02 5.000000000000000000e+02 0.000000000000000000e+00 0.000000000000000000e+00 2.150915534451251432e+01
6.000000000000000000e+01 5.000000000000000000e+02 1.919999999999999929e+01 5.000000000000000000e+02 0.000000000000000000e+00 0.000000000000000000e+00 3.942665700949229546e+01
6.500000000000000000e+01 5.000000000000000000e+02 2.125999999999999943e+02 5.000000000000000000e+02 0.000000000000000000e+00 0.000000000000000000e+00 2.150915534451251432e+01
7.000000000000000000e+01 5.000000000000000000e+02 5.000000000000000000e+02 5.000000000000000000e+02 0.000000000000000000e+00 0.000000000000000000e+00 0.000000000000000000e+00
7.500000000000000000e+01 5.000000000000000000e+02 1.819999999999999929e+01 5.000000000000000000e+02 0.000000000000000000e+00 0.000000000000000000e+00 4.150174422051821210e+01
8.000000000000000000e+01 5.000000000000000000e+02 5.000000000000000000e+02 5.000000000000000000e+02 0.000000000000000000e+00 0.000000000000000000e+00 0.000000000000000000e+00
8.500000000000000000e+01 5.000000000000000000e+02 1.860000000000000142e+01 5.000000000000000000e+02 0.000000000000000000e+00 0.000000000000000000e+00 4.074703701544759582e+01
9.000000000000000000e+01 5.000000000000000000e+02 2.101999999999999886e+02 5.000000000000000000e+02 0.000000000000000000e+00 0.000000000000000000e+00 2.640760011910592553e+01
9.500000000000000000e+01 5.000000000000000000e+02 1.879999999999999716e+01 5.000000000000000000e+02 0.000000000000000000e+00 0.000000000000000000e+00 4.018136421456291174e+01
1.000000000000000000e+02 5.000000000000000000e+02 2.120000000000000000e+02 5.000000000000000000e+02 0.000000000000000000e+00 0.000000000000000000e+00 2.264121615211844230e+01
1.050000000000000000e+02 5.000000000000000000e+02 5.000000000000000000e+02 5.000000000000000000e+02 0.000000000000000000e+00 0.000000000000000000e+00 0.000000000000000000e+00
1.100000000000000000e+02 5.000000000000000000e+02 2.120000000000000000e+02 5.000000000000000000e+02 0.000000000000000000e+00 0.000000000000000000e+00 2.264121615211844230e+01
1.150000000000000000e+02 5.000000000000000000e+02 1.819999999999999929e+01 5.000000000000000000e+02 0.000000000000000000e+00 0.000000000000000000e+00 4.150174422051821210e+01
1.200000000000000000e+02 2.200000000000000000e+01 1.819999999999999929e+01 5.000000000000000000e+02 3.405616262881147804e+01 0.000000000000000000e+00 4.150174422051821210e+01
1.250000000000000000e+02 5.000000000000000000e+02 1.900000000000000000e+01 5.000000000000000000e+02 0.000000000000000000e+00 0.000000000000000000e+00 4.003006517063051461e+01
1.300000000000000000e+02 2.200000000000000000e+01 1.700000000000000000e+01 5.000000000000000000e+02 3.405616262881147804e+01 0.000000000000000000e+00 4.401266686517653426e+01
1.350000000000000000e+02 5.000000000000000000e+02 1.700000000000000000e+01 5.000000000000000000e+02 0.000000000000000000e+00 0.000000000000000000e+00 4.401266686517653426e+01
1.400000000000000000e+02 2.200000000000000000e+01 1.819999999999999929e+01 5.000000000000000000e+02 3.405616262881147804e+01 0.000000000000000000e+00 4.150174422051821210e+01
1.450000000000000000e+02 2.200000000000000000e+01 1.700000000000000000e+01 5.000000000000000000e+02 3.405616262881147804e+01 0.000000000000000000e+00 4.401266686517653426e+01
1.500000000000000000e+02 2.000000000000000000e+01 1.700000000000000000e+01 3.088000000000000682e+02 3.773536025353072887e+01 1.362246505152459264e+01 4.401266686517653426e+01
1.550000000000000000e+02 5.000000000000000000e+02 1.860000000000000142e+01 5.000000000000000000e+02 0.000000000000000000e+00 0.000000000000000000e+00 4.074703701544759582e+01
1.600000000000000000e+02 2.100000000000000000e+01 1.700000000000000000e+01 5.000000000000000000e+02 3.584859224085418816e+01 0.000000000000000000e+00 4.401266686517653426e+01
1.650000000000000000e+02 2.200000000000000000e+01 1.700000000000000000e+01 5.000000000000000000e+02 3.405616262881147804e+01 0.000000000000000000e+00 4.401266686517653426e+01
1.700000000000000000e+02 5.000000000000000000e+02 1.700000000000000000e+01 5.000000000000000000e+02 0.000000000000000000e+00 0.000000000000000000e+00 4.401266686517653426e+01
1.750000000000000000e+02 5.000000000000000000e+02 2.101999999999999886e+02 5.000000000000000000e+02 0.000000000000000000e+00 0.000000000000000000e+00 2.640760011910592553e+01
1.800000000000000000e+02 5.000000000000000000e+02 2.120000000000000000e+02 5.000000000000000000e+02 0.000000000000000000e+00 0.000000000000000000e+00 2.264121615211844230e+01
1.850000000000000000e+02 5.000000000000000000e+02 1.639999999999999858e+01 5.000000000000000000e+02 0.000000000000000000e+00 0.000000000000000000e+00 4.540254055565579705e+01
1.900000000000000000e+02 2.100000000000000000e+01 1.639999999999999858e+01 3.084000000000000341e+02 3.584859224085418816e+01 1.433943689634167562e+01 4.540254055565579705e+01
1.950000000000000000e+02 2.100000000000000000e+01 1.639999999999999858e+01 5.000000000000000000e+02 3.584859224085418816e+01 0.000000000000000000e+00 4.540254055565579705e+01
2.000000000000000000e+02 5.000000000000000000e+02 1.739999999999999858e+01 5.000000000000000000e+02 0.000000000000000000e+00 0.000000000000000000e+00 4.359993564327344728e+01
2.050000000000000000e+02 5.000000000000000000e+02 2.101999999999999886e+02 5.000000000000000000e+02 0.000000000000000000e+00 0.000000000000000000e+00 2.640760011910592553e+01
2.100000000000000000e+02 5.000000000000000000e+02 2.120000000000000000e+02 5.000000000000000000e+02 0.000000000000000000e+00 0.000000000000000000e+00 2.264121615211844230e+01
2.150000000000000000e+02 5.000000000000000000e+02 1.700000000000000000e+01 5.000000000000000000e+02 0.000000000000000000e+00 0.000000000000000000e+00 4.435464284834406357e+01
2.200000000000000000e+02 1.900000000000000000e+01 1.580000000000000071e+01 2.160000000000000142e+01 3.972143184582181874e+01 3.477313447362855925e+01 4.686556549300237862e+01
2.250000000000000000e+02 2.100000000000000000e+01 1.660000000000000142e+01 5.000000000000000000e+02 3.584859224085418816e+01 0.000000000000000000e+00 4.514907148526049951e+01
2.300000000000000000e+02 2.000000000000000000e+01 1.719999999999999929e+01 5.000000000000000000e+02 3.773536025353072887e+01 0.000000000000000000e+00 4.368604654791391084e+01
2.350000000000000000e+02 1.900000000000000000e+01 1.639999999999999858e+01 3.080000000000000568e+02 3.972143184582181874e+01 1.509414410141229190e+01 4.540254055565579705e+01
2.400000000000000000e+02 1.900000000000000000e+01 1.639999999999999858e+01 3.080000000000000568e+02 3.972143184582181874e+01 1.509414410141229190e+01 4.540254055565579705e+01
2.450000000000000000e+02 1.900000000000000000e+01 1.639999999999999858e+01 3.084000000000000341e+02 3.972143184582181874e+01 1.433943689634167562e+01 4.540254055565579705e+01
2.500000000000000000e+02 1.900000000000000000e+01 1.780000000000000071e+01 3.084000000000000341e+02 3.972143184582181874e+01 1.433943689634167562e+01 4.229617285743464805e+01
2.550000000000000000e+02 5.000000000000000000e+02 1.660000000000000142e+01 5.000000000000000000e+02 0.000000000000000000e+00 0.000000000000000000e+00 4.514907148526049951e+01
2.600000000000000000e+02 1.900000000000000000e+01 1.580000000000000071e+01 3.084000000000000341e+02 3.972143184582181874e+01 1.433943689634167562e+01 4.686556549300237862e+01
2.650000000000000000e+02 2.000000000000000000e+01 1.780000000000000071e+01 5.000000000000000000e+02 3.773536025353072887e+01 0.000000000000000000e+00 4.229617285743464805e+01
2.700000000000000000e+02 1.900000000000000000e+01 1.700000000000000000e+01 3.080000000000000568e+02 3.972143184582181874e+01 1.509414410141229190e+01 4.401266686517653426e+01
2.750000000000000000e+02 1.900000000000000000e+01 1.580000000000000071e+01 3.080000000000000568e+02 3.972143184582181874e+01 1.509414410141229190e+01 4.686556549300237862e+01
2.800000000000000000e+02 2.000000000000000000e+01 1.780000000000000071e+01 5.000000000000000000e+02 3.773536025353072887e+01 0.000000000000000000e+00 4.229617285743464805e+01
2.850000000000000000e+02 1.900000000000000000e+01 1.580000000000000071e+01 5.000000000000000000e+02 3.972143184582181874e+01 0.000000000000000000e+00 4.686556549300237862e+01
2.900000000000000000e+02 1.900000000000000000e+01 1.580000000000000071e+01 3.080000000000000568e+02 3.972143184582181874e+01 1.509414410141229190e+01 4.686556549300237862e+01
2.950000000000000000e+02 1.900000000000000000e+01 1.580000000000000071e+01 3.080000000000000568e+02 3.972143184582181874e+01 1.509414410141229190e+01 4.686556549300237862e+01
3.000000000000000000e+02 2.000000000000000000e+01 1.660000000000000142e+01 5.000000000000000000e+02 3.773536025353072887e+01 0.000000000000000000e+00 4.514907148526049951e+01
3.050000000000000000e+02 5.000000000000000000e+02 1.819999999999999929e+01 5.000000000000000000e+02 0.000000000000000000e+00 0.000000000000000000e+00 4.150174422051821210e+01
3.100000000000000000e+02 1.900000000000000000e+01 1.580000000000000071e+01 3.080000000000000568e+02 3.972143184582181874e+01 1.509414410141229190e+01 4.686556549300237862e+01
3.150000000000000000e+02 1.700000000000000000e+01 1.580000000000000071e+01 1.960000000000000142e+01 4.401266686517653426e+01 3.852978889044716482e+01 4.686556549300237862e+01
3.200000000000000000e+02 1.700000000000000000e+01 1.580000000000000071e+01 1.960000000000000142e+01 4.401266686517653426e+01 3.852978889044716482e+01 4.686556549300237862e+01
3.250000000000000000e+02 2.000000000000000000e+01 1.780000000000000071e+01 5.000000000000000000e+02 3.773536025353072887e+01 0.000000000000000000e+00 4.229617285743464805e+01
3.300000000000000000e+02 1.700000000000000000e+01 1.580000000000000071e+01 3.076000000000000796e+02 4.401266686517653426e+01 1.588857273832872785e+01 4.686556549300237862e+01
3.350000000000000000e+02 1.900000000000000000e+01 1.580000000000000071e+01 3.080000000000000568e+02 3.972143184582181874e+01 1.509414410141229190e+01 4.686556549300237862e+01
3.400000000000000000e+02 1.700000000000000000e+01 1.580000000000000071e+01 1.960000000000000142e+01 4.401266686517653426e+01 3.852978889044716482e+01 4.686556549300237862e+01
3.450000000000000000e+02 1.900000000000000000e+01 1.580000000000000071e+01 3.080000000000000568e+02 3.972143184582181874e+01 1.509414410141229190e+01 4.686556549300237862e+01
3.500000000000000000e+02 2.000000000000000000e+01 1.780000000000000071e+01 5.000000000000000000e+02 3.773536025353072887e+01 0.000000000000000000e+00 4.229617285743464805e+01
3.550000000000000000e+02 1.700000000000000000e+01 1.580000000000000071e+01 1.960000000000000142e+01 4.401266686517653426e+01 3.852978889044716482e+01 4.686556549300237862e+01
3.600000000000000000e+02 1.900000000000000000e+01 1.639999999999999858e+01 3.080000000000000568e+02 3.972143184582181874e+01 1.509414410141229190e+01 4.540254055565579705e+01
3.650000000000000000e+02 1.700000000000000000e+01 1.639999999999999858e+01 1.960000000000000142e+01 4.401266686517653426e+01 3.852978889044716482e+01 4.540254055565579705e+01
3.700000000000000000e+02 1.700000000000000000e+01 1.580000000000000071e+01 1.960000000000000142e+01 4.401266686517653426e+01 3.852978889044716482e+01 4.686556549300237862e+01
3.750000000000000000e+02 1.900000000000000000e+01 1.580000000000000071e+01 3.080000000000000568e+02 3.972143184582181874e+01 1.509414410141229190e+01 4.686556549300237862e+01
3.800000000000000000e+02 1.700000000000000000e+01 1.580000000000000071e+01 1.960000000000000142e+01 4.401266686517653426e+01 3.852978889044716482e+01 4.686556549300237862e+01
3.850000000000000000e+02 1.900000000000000000e+01 1.700000000000000000e+01 3.080000000000000568e+02 3.972143184582181874e+01 1.509414410141229190e+01 4.401266686517653426e+01
3.900000000000000000e+02 1.700000000000000000e+01 1.580000000000000071e+01 1.960000000000000142e+01 4.401266686517653426e+01 3.852978889044716482e+01 4.686556549300237862e+01
3.950000000000000000e+02 1.700000000000000000e+01 1.580000000000000071e+01 1.960000000000000142e+01 4.401266686517653426e+01 3.852978889044716482e+01 4.686556549300237862e+01
4.000000000000000000e+02 1.700000000000000000e+01 1.580000000000000071e+01 1.960000000000000142e+01 4.401266686517653426e+01 3.852978889044716482e+01 4.686556549300237862e+01
4.050000000000000000e+02 1.700000000000000000e+01 1.580000000000000071e+01 1.960000000000000142e+01 4.401266686517653426e+01 3.852978889044716482e+01 4.686556549300237862e+01
4.100000000000000000e+02 1.700000000000000000e+01 1.580000000000000071e+01 1.960000000000000142e+01 4.401266686517653426e+01 3.852978889044716482e+01 4.686556549300237862e+01
4.150000000000000000e+02 1.700000000000000000e+01 1.580000000000000071e+01 1.960000000000000142e+01 4.401266686517653426e+01 3.852978889044716482e+01 4.686556549300237862e+01
4.200000000000000000e+02 1.700000000000000000e+01 1.580000000000000071e+01 1.960000000000000142e+01 4.401266686517653426e+01 3.852978889044716482e+01 4.686556549300237862e+01
4.250000000000000000e+02 1.700000000000000000e+01 1.580000000000000071e+01 1.960000000000000142e+01 4.401266686517653426e+01 3.852978889044716482e+01 4.686556549300237862e+01
4.300000000000000000e+02 1.700000000000000000e+01 1.580000000000000071e+01 1.960000000000000142e+01 4.401266686517653426e+01 3.852978889044716482e+01 4.686556549300237862e+01
4.350000000000000000e+02 1.700000000000000000e+01 1.580000000000000071e+01 1.960000000000000142e+01 4.401266686517653426e+01 3.852978889044716482e+01 4.686556549300237862e+01
4.400000000000000000e+02 1.900000000000000000e+01 1.580000000000000071e+01 3.080000000000000568e+02 3.972143184582181874e+01 1.509414410141229190e+01 4.686556549300237862e+01
4.450000000000000000e+02 1.900000000000000000e+01 1.580000000000000071e+01 3.080000000000000568e+02 3.972143184582181874e+01 1.509414410141229190e+01 4.686556549300237862e+01
4.500000000000000000e+02 1.700000000000000000e+01 1.580000000000000071e+01 1.960000000000000142e+01 4.401266686517653426e+01 3.852978889044716482e+01 4.686556549300237862e+01
4.550000000000000000e+02 1.700000000000000000e+01 1.580000000000000071e+01 1.960000000000000142e+01 4.401266686517653426e+01 3.852978889044716482e+01 4.686556549300237862e+01
4.600000000000000000e+02 1.700000000000000000e+01 1.580000000000000071e+01 1.960000000000000142e+01 4.401266686517653426e+01 3.852978889044716482e+01 4.686556549300237862e+01
4.650000000000000000e+02 1.700000000000000000e+01 1.580000000000000071e+01 1.960000000000000142e+01 4.401266686517653426e+01 3.852978889044716482e+01 4.686556549300237862e+01
4.700000000000000000e+02 1.700000000000000000e+01 1.580000000000000071e+01 1.960000000000000142e+01 4.401266686517653426e+01 3.852978889044716482e+01 4.686556549300237862e+01
4.750000000000000000e+02 1.700000000000000000e+01 1.580000000000000071e+01 1.960000000000000142e+01 4.401266686517653426e+01 3.852978889044716482e+01 4.686556549300237862e+01
4.800000000000000000e+02 1.700000000000000000e+01 1.639999999999999858e+01 1.960000000000000142e+01 4.401266686517653426e+01 3.852978889044716482e+01 4.540254055565579705e+01
4.850000000000000000e+02 1.700000000000000000e+01 1.580000000000000071e+01 1.960000000000000142e+01 4.401266686517653426e+01 3.852978889044716482e+01 4.686556549300237862e+01
4.900000000000000000e+02 1.700000000000000000e+01 1.580000000000000071e+01 1.960000000000000142e+01 4.401266686517653426e+01 3.852978889044716482e+01 4.686556549300237862e+01
4.950000000000000000e+02 1.700000000000000000e+01 1.580000000000000071e+01 1.960000000000000142e+01 4.401266686517653426e+01 3.852978889044716482e+01 4.686556549300237862e+01
5.000000000000000000e+02 1.700000000000000000e+01 1.580000000000000071e+01 1.960000000000000142e+01 4.401266686517653426e+01 3.852978889044716482e+01 4.686556549300237862e+01
5.050000000000000000e+02 1.700000000000000000e+01 1.580000000000000071e+01 1.900000000000000000e+01 4.401266686517653426e+01 3.972143184582181874e+01 4.686556549300237862e+01
5.100000000000000000e+02 1.700000000000000000e+01 1.580000000000000071e+01 1.900000000000000000e+01 4.401266686517653426e+01 3.972143184582181874e+01 4.686556549300237862e+01
5.150000000000000000e+02 1.700000000000000000e+01 1.580000000000000071e+01 1.900000000000000000e+01 4.401266686517653426e+01 3.972143184582181874e+01 4.686556549300237862e+01
5.200000000000000000e+02 1.900000000000000000e+01 1.580000000000000071e+01 3.076000000000000796e+02 3.972143184582181874e+01 1.588857273832872785e+01 4.686556549300237862e+01
5.250000000000000000e+02 1.700000000000000000e+01 1.580000000000000071e+01 1.900000000000000000e+01 4.401266686517653426e+01 3.972143184582181874e+01 4.686556549300237862e+01
5.300000000000000000e+02 1.900000000000000000e+01 1.700000000000000000e+01 3.076000000000000796e+02 3.972143184582181874e+01 1.588857273832872785e+01 4.401266686517653426e+01
5.350000000000000000e+02 1.800000000000000000e+01 1.580000000000000071e+01 1.900000000000000000e+01 4.181203352191770506e+01 3.972143184582181874e+01 4.686556549300237862e+01
5.400000000000000000e+02 1.700000000000000000e+01 1.580000000000000071e+01 1.900000000000000000e+01 4.401266686517653426e+01 3.972143184582181874e+01 4.686556549300237862e+01
5.450000000000000000e+02 1.700000000000000000e+01 1.580000000000000071e+01 1.900000000000000000e+01 4.401266686517653426e+01 3.972143184582181874e+01 4.686556549300237862e+01
5.500000000000000000e+02 1.700000000000000000e+01 1.580000000000000071e+01 1.900000000000000000e+01 4.401266686517653426e+01 3.972143184582181874e+01 4.686556549300237862e+01
5.550000000000000000e+02 1.700000000000000000e+01 1.580000000000000071e+01 1.900000000000000000e+01 4.401266686517653426e+01 3.972143184582181874e+01 4.686556549300237862e+01
5.600000000000000000e+02 1.700000000000000000e+01 1.580000000000000071e+01 1.900000000000000000e+01 4.401266686517653426e+01 3.972143184582181874e+01 4.686556549300237862e+01
5.650000000000000000e+02 1.700000000000000000e+01 1.580000000000000071e+01 3.076000000000000796e+02 4.401266686517653426e+01 1.588857273832872785e+01 4.686556549300237862e+01
5.700000000000000000e+02 1.700000000000000000e+01 1.580000000000000071e+01 1.900000000000000000e+01 4.401266686517653426e+01 3.972143184582181874e+01 4.686556549300237862e+01
5.750000000000000000e+02 1.700000000000000000e+01 1.580000000000000071e+01 1.900000000000000000e+01 4.401266686517653426e+01 3.972143184582181874e+01 4.686556549300237862e+01
5.800000000000000000e+02 1.700000000000000000e+01 1.580000000000000071e+01 1.900000000000000000e+01 4.401266686517653426e+01 3.972143184582181874e+01 4.686556549300237862e+01
5.850000000000000000e+02 1.700000000000000000e+01 1.580000000000000071e+01 1.900000000000000000e+01 4.401266686517653426e+01 3.972143184582181874e+01 4.686556549300237862e+01
5.900000000000000000e+02 1.700000000000000000e+01 1.580000000000000071e+01 1.900000000000000000e+01 4.401266686517653426e+01 3.972143184582181874e+01 4.686556549300237862e+01
5.950000000000000000e+02 1.700000000000000000e+01 1.580000000000000071e+01 1.900000000000000000e+01 4.401266686517653426e+01 3.972143184582181874e+01 4.686556549300237862e+01
6.000000000000000000e+02 1.700000000000000000e+01 1.580000000000000071e+01 1.900000000000000000e+01 4.401266686517653426e+01 3.972143184582181874e+01 4.686556549300237862e+01
6.050000000000000000e+02 1.700000000000000000e+01 1.580000000000000071e+01 1.900000000000000000e+01 4.401266686517653426e+01 3.972143184582181874e+01 4.686556549300237862e+01
6.100000000000000000e+02 1.700000000000000000e+01 1.580000000000000071e+01 1.900000000000000000e+01 4.401266686517653426e+01 3.972143184582181874e+01 4.686556549300237862e+01
6.150000000000000000e+02 1.900000000000000000e+01 1.700000000000000000e+01 3.076000000000000796e+02 3.972143184582181874e+01 1.588857273832872785e+01 4.401266686517653426e+01
6.200000000000000000e+02 1.700000000000000000e+01 1.580000000000000071e+01 1.900000000000000000e+01 4.401266686517653426e+01 3.972143184582181874e+01 4.686556549300237862e+01
6.250000000000000000e+02 1.700000000000000000e+01 1.580000000000000071e+01 1.900000000000000000e+01 4.401266686517653426e+01 3.972143184582181874e+01 4.686556549300237862e+01
6.300000000000000000e+02 1.700000000000000000e+01 1.639999999999999858e+01 1.900000000000000000e+01 4.401266686517653426e+01 3.972143184582181874e+01 4.540254055565579705e+01
6.350000000000000000e+02 1.700000000000000000e+01 1.580000000000000071e+01 1.900000000000000000e+01 4.401266686517653426e+01 3.972143184582181874e+01 4.686556549300237862e+01
6.400000000000000000e+02 1.700000000000000000e+01 1.580000000000000071e+01 1.960000000000000142e+01 4.401266686517653426e+01 3.852978889044716482e+01 4.686556549300237862e+01
6.450000000000000000e+02 1.700000000000000000e+01 1.580000000000000071e+01 1.900000000000000000e+01 4.401266686517653426e+01 3.972143184582181874e+01 4.686556549300237862e+01
6.500000000000000000e+02 1.700000000000000000e+01 1.580000000000000071e+01 1.900000000000000000e+01 4.401266686517653426e+01 3.972143184582181874e+01 4.686556549300237862e+01
6.550000000000000000e+02 1.700000000000000000e+01 1.580000000000000071e+01 1.900000000000000000e+01 4.401266686517653426e+01 3.972143184582181874e+01 4.686556549300237862e+01
6.600000000000000000e+02 1.700000000000000000e+01 1.580000000000000071e+01 1.900000000000000000e+01 4.401266686517653426e+01 3.972143184582181874e+01 4.686556549300237862e+01
6.650000000000000000e+02 1.700000000000000000e+01 1.580000000000000071e+01 1.900000000000000000e+01 4.401266686517653426e+01 3.972143184582181874e+01 4.686556549300237862e+01
6.700000000000000000e+02 1.700000000000000000e+01 1.580000000000000071e+01 1.900000000000000000e+01 4.401266686517653426e+01 3.972143184582181874e+01 4.686556549300237862e+01
6.750000000000000000e+02 1.700000000000000000e+01 1.580000000000000071e+01 1.900000000000000000e+01 4.401266686517653426e+01 3.972143184582181874e+01 4.686556549300237862e+01
6.800000000000000000e+02 1.700000000000000000e+01 1.580000000000000071e+01 3.076000000000000796e+02 4.401266686517653426e+01 1.588857273832872785e+01 4.686556549300237862e+01
6.850000000000000000e+02 1.700000000000000000e+01 1.580000000000000071e+01 1.900000000000000000e+01 4.401266686517653426e+01 3.972143184582181874e+01 4.686556549300237862e+01
6.900000000000000000e+02 1.700000000000000000e+01 1.580000000000000071e+01 1.900000000000000000e+01 4.401266686517653426e+01 3.972143184582181874e+01 4.686556549300237862e+01
6.950000000000000000e+02 1.700000000000000000e+01 1.580000000000000071e+01 1.900000000000000000e+01 4.401266686517653426e+01 3.972143184582181874e+01 4.686556549300237862e+01
7.000000000000000000e+02 1.900000000000000000e+01 1.580000000000000071e+01 3.076000000000000796e+02 3.972143184582181874e+01 1.588857273832872785e+01 4.686556549300237862e+01
7.050000000000000000e+02 1.700000000000000000e+01 1.580000000000000071e+01 1.900000000000000000e+01 4.401266686517653426e+01 3.972143184582181874e+01 4.686556549300237862e+01
7.100000000000000000e+02 1.900000000000000000e+01 1.660000000000000142e+01 5.000000000000000000e+02 3.972143184582181874e+01 0.000000000000000000e+00 4.514907148526049951e+01
7.150000000000000000e+02 1.700000000000000000e+01 1.580000000000000071e+01 1.900000000000000000e+01 4.401266686517653426e+01 3.972143184582181874e+01 4.686556549300237862e+01
7.200000000000000000e+02 1.700000000000000000e+01 1.580000000000000071e+01 1.900000000000000000e+01 4.401266686517653426e+01 3.972143184582181874e+01 4.686556549300237862e+01
7.250000000000000000e+02 1.700000000000000000e+01 1.580000000000000071e+01 1.900000000000000000e+01 4.401266686517653426e+01 3.972143184582181874e+01 4.686556549300237862e+01
7.300000000000000000e+02 1.700000000000000000e+01 1.580000000000000071e+01 1.900000000000000000e+01 4.401266686517653426e+01 3.972143184582181874e+01 4.686556549300237862e+01
7.350000000000000000e+02 1.700000000000000000e+01 1.580000000000000071e+01 1.900000000000000000e+01 4.401266686517653426e+01 3.972143184582181874e+01 4.686556549300237862e+01
7.400000000000000000e+02 1.700000000000000000e+01 1.580000000000000071e+01 1.900000000000000000e+01 4.401266686517653426e+01 3.972143184582181874e+01 4.686556549300237862e+01
7.450000000000000000e+02 1.700000000000000000e+01 1.580000000000000071e+01 1.900000000000000000e+01 4.401266686517653426e+01 3.972143184582181874e+01 4.686556549300237862e+01
