0.000000000000000000e+00 2.151999999999999886e+02 1.512333333333333485e+02 2.430785714285714221e+02 2.069427336673702322e-01 5.333733852255578833e-02 1.906393973610113424e+00
2.000000000000000000e+01 5.960000000000000142e+01 1.540000000000000036e+01 1.082500000000000000e+02 3.777286889993207808e+01 1.955374083165187571e+01 4.779214795332188714e+01
4.000000000000000000e+01 1.500000000000000000e+01 1.500000000000000000e+01 1.679999999999999716e+01 4.876749791155295100e+01 4.459421927777180628e+01 4.876749791155295100e+01
6.000000000000000000e+01 1.500000000000000000e+01 1.500000000000000000e+01 1.679999999999999716e+01 4.876749791155295100e+01 4.459421927777180628e+01 4.876749791155295100e+01
8.000000000000000000e+01 1.500000000000000000e+01 1.500000000000000000e+01 1.500000000000000000e+01 4.876749791155295100e+01 4.876749791155295100e+01 4.876749791155295100e+01
1.000000000000000000e+02 1.500000000000000000e+01 1.500000000000000000e+01 1.500000000000000000e+01 4.876749791155295100e+01 4.876749791155295100e+01 4.876749791155295100e+01
1.200000000000000000e+02 1.500000000000000000e+01 1.500000000000000000e+01 1.500000000000000000e+01 4.876749791155295100e+01 4.876749791155295100e+01 4.876749791155295100e+01
1.400000000000000000e+02 1.500000000000000000e+01 1.500000000000000000e+01 1.500000000000000000e+01 4.876749791155295100e+01 4.876749791155295100e+01 4.876749791155295100e+01
1.600000000000000000e+02 1.500000000000000000e+01 1.500000000000000000e+01 1.500000000000000000e+01 4.876749791155295100e+01 4.876749791155295100e+01 4.876749791155295100e+01
1.800000000000000000e+02 1.500000000000000000e+01 1.500000000000000000e+01 1.500000000000000000e+01 4.876749791155295100e+01 4.876749791155295100e+01 4.876749791155295100e+01
2.000000000000000000e+02 1.500000000000000000e+01 1.500000000000000000e+01 1.500000000000000000e+01 4.876749791155295100e+01 4.876749791155295100e+01 4.876749791155295100e+01
2.200000000000000000e+02 1.500000000000000000e+01 1.500000000000000000e+01 1.500000000000000000e+01 4.876749791155295100e+01 4.876749791155295100e+01 4.876749791155295100e+01
2.400000000000000000e+02 1.500000000000000000e+01 1.500000000000000000e+01 1.500000000000000000e+01 4.876749791155295100e+01 4.876749791155295100e+01 4.876749791155295100e+01
2.600000000000000000e+02 1.500000000000000000e+01 1.500000000000000000e+01 1.500000000000000000e+01 4.876749791155295100e+01 4.876749791155295100e+01 4.876749791155295100e+01
2.800000000000000000e+02 1.500000000000000000e+01 1.500000000000000000e+01 1.500000000000000000e+01 4.876749791155295100e+01 4.876749791155295100e+01 4.876749791155295100e+01
3.000000000000000000e+02 1.500000000000000000e+01 1.500000000000000000e+01 1.500000000000000000e+01 4.876749791155295100e+01 4.876749791155295100e+01 4.876749791155295100e+01
3.200000000000000000e+02 1.500000000000000000e+01 1.500000000000000000e+01 1.500000000000000000e+01 4.876749791155295100e+01 4.876749791155295100e+01 4.876749791155295100e+01
3.400000000000000000e+02 1.500000000000000000e+01 1.500000000000000000e+01 1.500000000000000000e+01 4.876749791155295100e+01 4.876749791155295100e+01 4.876749791155295100e+01
3.600000000000000000e+02 1.500000000000000000e+01 1.500000000000000000e+01 1.500000000000000000e+01 4.876749791155295100e+01 4.876749791155295100e+01 4.876749791155295100e+01
3.800000000000000000e+02 1.500000000000000000e+01 1.500000000000000000e+01 1.500000000000000000e+01 4.876749791155295100e+01 4.876749791155295100e+01 4.876749791155295100e+01
4.000000000000000000e+02 1.500000000000000000e+01 1.500000000000000000e+01 1.500000000000000000e+01 4.876749791155295100e+01 4.876749791155295100e+01 4.876749791155295100e+01
4.200000000000000000e+02 1.500000000000000000e+01 1.500000000000000000e+01 1.500000000000000000e+01 4.876749791155295100e+01 4.876749791155295100e+01 4.876749791155295100e+01
4.400000000000000000e+02 1.500000000000000000e+01 1.500000000000000000e+01 1.500000000000000000e+01 4.876749791155295100e+01 4.876749791155295100e+01 4.876749791155295100e+01
4.600000000000000000e+02 1.500000000000000000e+01 1.500000000000000000e+01 1.500000000000000000e+01 4.876749791155295100e+01 4.876749791155295100e+01 4.876749791155295100e+01
4.800000000000000000e+02 1.500000000000000000e+01 1.500000000000000000e+01 1.500000000000000000e+01 4.876749791155295100e+01 4.876749791155295100e+01 4.876749791155295100e+01
5.000000000000000000e+02 1.500000000000000000e+01 1.500000000000000000e+01 1.500000000000000000e+01 4.876749791155295100e+01 4.876749791155295100e+01 4.876749791155295100e+01
5.200000000000000000e+02 1.500000000000000000e+01 1.500000000000000000e+01 1.500000000000000000e+01 4.876749791155295100e+01 4.876749791155295100e+01 4.876749791155295100e+01
5.400000000000000000e+02 1.500000000000000000e+01 1.500000000000000000e+01 1.500000000000000000e+01 4.876749791155295100e+01 4.876749791155295100e+01 4.876749791155295100e+01
5.600000000000000000e+02 1.500000000000000000e+01 1.500000000000000000e+01 1.500000000000000000e+01 4.876749791155295100e+01 4.876749791155295100e+01 4.876749791155295100e+01
5.800000000000000000e+02 1.500000000000000000e+01 1.500000000000000000e+01 1.500000000000000000e+01 4.876749791155295100e+01 4.876749791155295100e+01 4.876749791155295100e+01
6.000000000000000000e+02 1.500000000000000000e+01 1.500000000000000000e+01 1.500000000000000000e+01 4.876749791155295100e+01 4.876749791155295100e+01 4.876749791155295100e+01
6.200000000000000000e+02 1.500000000000000000e+01 1.500000000000000000e+01 1.500000000000000000e+01 4.876749791155295100e+01 4.876749791155295100e+01 4.876749791155295100e+01
6.400000000000000000e+02 1.500000000000000000e+01 1.500000000000000000e+01 1.500000000000000000e+01 4.876749791155295100e+01 4.876749791155295100e+01 4.876749791155295100e+01
6.600000000000000000e+02 1.500000000000000000e+01 1.500000000000000000e+01 1.500000000000000000e+01 4.876749791155295100e+01 4.876749791155295100e+01 4.876749791155295100e+01
6.800000000000000000e+02 1.500000000000000000e+01 1.500000000000000000e+01 1.500000000000000000e+01 4.876749791155295100e+01 4.876749791155295100e+01 4.876749791155295100e+01
7.000000000000000000e+02 1.500000000000000000e+01 1.500000000000000000e+01 1.500000000000000000e+01 4.876749791155295100e+01 4.876749791155295100e+01 4.876749791155295100e+01
7.200000000000000000e+02 1.500000000000000000e+01 1.500000000000000000e+01 1.500000000000000000e+01 4.876749791155295100e+01 4.876749791155295100e+01 4.876749791155295100e+01
7.400000000000000000e+02 1.500000000000000000e+01 1.500000000000000000e+01 1.500000000000000000e+01 4.876749791155295100e+01 4.876749791155295100e+01 4.876749791155295100e+01
