0.000000000000000000e+00 3.915000000000000000e+02 4.568966161999883013e+01 3.035300745224346966e-02 4.349670322066266637e-02
1.000000000000000000e+01 4.318000000000000114e+02 1.199999999999999956e+00 6.333011271387937666e-03 1.889756018042074593e-03
3.000000000000000000e+01 5.000000000000000000e+02 0.000000000000000000e+00 0.000000000000000000e+00 0.000000000000000000e+00
3.500000000000000000e+01 5.000000000000000000e+02 0.000000000000000000e+00 0.000000000000000000e+00 0.000000000000000000e+00
5.500000000000000000e+01 4.278999999999999773e+02 1.818854951152876964e+01 1.699505845993586561e+00 3.050202008884738802e+00
6.000000000000000000e+01 4.529600000000000364e+02 2.852406703119314813e+01 1.376256873394645641e-01 2.535011191466264302e-01
8.000000000000000000e+01 4.040000000000000000e+02 0.000000000000000000e+00 7.547072050706146840e+00 1.421085471520200451e-15
8.500000000000000000e+01 4.733500000000000227e+02 2.890376273082797098e+01 1.008153017662116735e-02 1.746171121913983604e-02
1.050000000000000000e+02 5.000000000000000000e+02 0.000000000000000000e+00 0.000000000000000000e+00 0.000000000000000000e+00
1.100000000000000000e+02 4.531999999999999886e+02 1.684102134669985062e+01 3.636078037442121071e-03 6.247175977030706984e-03
1.300000000000000000e+02 4.135666666666666060e+02 8.042733089911386912e+00 2.028796804591889824e+00 1.903518045041756368e+00
1.350000000000000000e+02 4.448000000000000114e+02 1.937076835509285289e+01 4.376955676590286309e-02 6.182469884864873200e-02
1.550000000000000000e+02 4.041999999999999886e+02 0.000000000000000000e+00 7.169718448170837810e+00 0.000000000000000000e+00
1.600000000000000000e+02 4.426999999999999886e+02 2.404377951432206473e+01 1.020625377437230918e-01 1.494437398172400733e-01
1.800000000000000000e+02 4.033999999999999773e+02 0.000000000000000000e+00 8.802533373035306141e+00 0.000000000000000000e+00
1.850000000000000000e+02 4.361333333333333826e+02 2.847025738477886847e+01 6.217762363257652858e-01 1.089948246219837991e+00
2.050000000000000000e+02 5.000000000000000000e+02 0.000000000000000000e+00 0.000000000000000000e+00 0.000000000000000000e+00
2.100000000000000000e+02 4.642500000000000000e+02 3.197197991992363342e+01 6.592299291791859153e-03 1.087455297020182253e-02
2.300000000000000000e+02 4.033999999999999773e+02 0.000000000000000000e+00 8.802533373035306141e+00 0.000000000000000000e+00
2.350000000000000000e+02 4.601999999999999886e+02 2.535093686631719123e+01 5.686296275443675219e-02 1.483537239974924704e-01
2.550000000000000000e+02 4.046000000000000227e+02 1.472412985544476971e+00 6.830644393009491111e+00 1.720969708329316505e+00
2.600000000000000000e+02 4.518222222222222513e+02 1.879253857712787834e+01 6.460451962499171377e-03 1.461759912949982775e-02
2.800000000000000000e+02 4.203428571428571558e+02 2.417642636612645646e+01 2.572027922390796917e+00 2.124544028806155005e+00
2.850000000000000000e+02 4.063333333333333712e+02 3.459646738549407985e+01 2.007913854775707774e-01 1.865259215956688310e-01
3.050000000000000000e+02 5.000000000000000000e+02 0.000000000000000000e+00 0.000000000000000000e+00 0.000000000000000000e+00
