0.000000000000000000e+00 6.278999999999999773e+02 1.289000000000000057e+02 4.327788624368186440e-03 4.327788581711079427e-03
2.000000000000000000e+01 1.000000000000000000e+03 0.000000000000000000e+00 0.000000000000000000e+00 0.000000000000000000e+00
4.000000000000000000e+01 8.087999999999999545e+02 0.000000000000000000e+00 2.203662204700105764e+00 0.000000000000000000e+00
6.000000000000000000e+01 8.083999999999999773e+02 0.000000000000000000e+00 2.441730974736959325e+00 0.000000000000000000e+00
8.000000000000000000e+01 6.163999999999999773e+02 0.000000000000000000e+00 5.147250060318077303e+00 0.000000000000000000e+00
1.000000000000000000e+02 6.183999999999999773e+02 0.000000000000000000e+00 4.109142636836325302e+00 3.552713678800501127e-16
1.200000000000000000e+02 8.102000000000000455e+02 0.000000000000000000e+00 1.538899505534262913e+00 0.000000000000000000e+00
1.400000000000000000e+02 1.000000000000000000e+03 0.000000000000000000e+00 0.000000000000000000e+00 0.000000000000000000e+00
1.600000000000000000e+02 4.221999999999999886e+02 0.000000000000000000e+00 9.572429015765722582e+00 3.552713678800501127e-16
1.800000000000000000e+02 2.311999999999999886e+02 0.000000000000000000e+00 1.169353621070171378e+01 1.065814103640150239e-15
2.000000000000000000e+02 4.220000000000000000e+02 0.000000000000000000e+00 9.812452958382916535e+00 0.000000000000000000e+00
2.200000000000000000e+02 2.365999999999999943e+02 0.000000000000000000e+00 9.035540700995188246e+00 7.105427357601002253e-16
2.400000000000000000e+02 4.213999999999999773e+02 0.000000000000000000e+00 1.021863681057345197e+01 3.552713678800501127e-16
2.600000000000000000e+02 2.304000000000000057e+02 0.000000000000000000e+00 1.231211590503854936e+01 7.105427357601002253e-16
2.800000000000000000e+02 2.300000000000000000e+02 0.000000000000000000e+00 1.268985329973262743e+01 7.105427357601002253e-16
3.000000000000000000e+02 2.320000000000000000e+02 0.000000000000000000e+00 1.144312362696365071e+01 3.552713678800501127e-16
3.200000000000000000e+02 2.324000000000000057e+02 0.000000000000000000e+00 1.090910270502771162e+01 1.065814103640150239e-15
3.400000000000000000e+02 6.132000000000000455e+02 0.000000000000000000e+00 7.748459378340034398e+00 0.000000000000000000e+00
3.600000000000000000e+02 4.208000000000000114e+02 0.000000000000000000e+00 1.074626445931634144e+01 0.000000000000000000e+00
3.800000000000000000e+02 2.295999999999999943e+02 0.000000000000000000e+00 1.299752276856967015e+01 7.105427357601002253e-16
4.000000000000000000e+02 2.285999999999999943e+02 0.000000000000000000e+00 1.355824701657356357e+01 7.105427357601002253e-16
4.200000000000000000e+02 3.779999999999999716e+01 0.000000000000000000e+00 1.550933036969228951e+01 7.105427357601002253e-16
4.400000000000000000e+02 2.310000000000000000e+02 0.000000000000000000e+00 1.182881216498077137e+01 7.105427357601002253e-16
4.600000000000000000e+02 2.308000000000000114e+02 0.000000000000000000e+00 1.197120790632714638e+01 1.065814103640150239e-15
4.800000000000000000e+02 3.720000000000000284e+01 0.000000000000000000e+00 1.604145546050354554e+01 3.552713678800501127e-16
5.000000000000000000e+02 2.288000000000000114e+02 0.000000000000000000e+00 1.375697635696980115e+01 3.552713678800501127e-16
5.200000000000000000e+02 2.291999999999999886e+02 0.000000000000000000e+00 1.341606835825839994e+01 7.105427357601002253e-16
5.400000000000000000e+02 3.620000000000000284e+01 0.000000000000000000e+00 1.691256065273433506e+01 7.105427357601002253e-16
5.600000000000000000e+02 3.620000000000000284e+01 0.000000000000000000e+00 1.691256065273433506e+01 7.105427357601002253e-16
5.800000000000000000e+02 3.639999999999999858e+01 0.000000000000000000e+00 1.680788669801108171e+01 3.552713678800501127e-16
6.000000000000000000e+02 3.660000000000000142e+01 0.000000000000000000e+00 1.657165265402293386e+01 1.065814103640150239e-15
6.200000000000000000e+02 2.270000000000000000e+02 0.000000000000000000e+00 1.502298838401503112e+01 3.552713678800501127e-16
6.400000000000000000e+02 3.520000000000000284e+01 0.000000000000000000e+00 1.752460064385035565e+01 3.552713678800501127e-16
6.600000000000000000e+02 4.193999999999999773e+02 0.000000000000000000e+00 1.208204285219343177e+01 0.000000000000000000e+00
6.800000000000000000e+02 2.281999999999999886e+02 0.000000000000000000e+00 1.394265695007553063e+01 3.552713678800501127e-16
7.000000000000000000e+02 3.460000000000000142e+01 0.000000000000000000e+00 1.802079346499133550e+01 3.552713678800501127e-16
7.200000000000000000e+02 3.439999999999999858e+01 0.000000000000000000e+00 1.823543222893427540e+01 3.552713678800501127e-16
7.400000000000000000e+02 2.268000000000000114e+02 0.000000000000000000e+00 1.523762714795796924e+01 3.552713678800501127e-16
7.600000000000000000e+02 3.420000000000000284e+01 0.000000000000000000e+00 1.839321144372249961e+01 7.105427357601002253e-16
7.800000000000000000e+02 3.420000000000000284e+01 0.000000000000000000e+00 1.839321144372249961e+01 7.105427357601002253e-16
8.000000000000000000e+02 3.420000000000000284e+01 0.000000000000000000e+00 1.839321144372249961e+01 7.105427357601002253e-16
8.200000000000000000e+02 3.439999999999999858e+01 0.000000000000000000e+00 1.817857267977956681e+01 7.105427357601002253e-16
8.400000000000000000e+02 3.420000000000000284e+01 0.000000000000000000e+00 1.839321144372249961e+01 7.105427357601002253e-16
8.600000000000000000e+02 3.420000000000000284e+01 0.000000000000000000e+00 1.839321144372249961e+01 7.105427357601002253e-16
8.800000000000000000e+02 3.420000000000000284e+01 0.000000000000000000e+00 1.839321144372249961e+01 7.105427357601002253e-16
9.000000000000000000e+02 3.420000000000000284e+01 0.000000000000000000e+00 1.839321144372249961e+01 7.105427357601002253e-16
9.200000000000000000e+02 3.420000000000000284e+01 0.000000000000000000e+00 1.839321144372249961e+01 7.105427357601002253e-16
9.400000000000000000e+02 3.420000000000000284e+01 0.000000000000000000e+00 1.839321144372249961e+01 7.105427357601002253e-16
9.600000000000000000e+02 3.420000000000000284e+01 0.000000000000000000e+00 1.839321144372249961e+01 7.105427357601002253e-16
9.800000000000000000e+02 3.420000000000000284e+01 0.000000000000000000e+00 1.839321144372249961e+01 7.105427357601002253e-16
1.000000000000000000e+03 3.420000000000000284e+01 0.000000000000000000e+00 1.839321144372249961e+01 7.105427357601002253e-16
1.020000000000000000e+03 3.420000000000000284e+01 0.000000000000000000e+00 1.839321144372249961e+01 7.105427357601002253e-16
1.040000000000000000e+03 3.420000000000000284e+01 0.000000000000000000e+00 1.839321144372249961e+01 7.105427357601002253e-16
1.060000000000000000e+03 3.420000000000000284e+01 0.000000000000000000e+00 1.839321144372249961e+01 7.105427357601002253e-16
1.080000000000000000e+03 3.420000000000000284e+01 0.000000000000000000e+00 1.839321144372249961e+01 7.105427357601002253e-16
1.100000000000000000e+03 3.439999999999999858e+01 0.000000000000000000e+00 1.823543222893427540e+01 3.552713678800501127e-16
1.120000000000000000e+03 3.420000000000000284e+01 0.000000000000000000e+00 1.839321144372249961e+01 7.105427357601002253e-16
1.140000000000000000e+03 3.420000000000000284e+01 0.000000000000000000e+00 1.839321144372249961e+01 7.105427357601002253e-16
1.160000000000000000e+03 3.420000000000000284e+01 0.000000000000000000e+00 1.839321144372249961e+01 7.105427357601002253e-16
1.180000000000000000e+03 3.439999999999999858e+01 0.000000000000000000e+00 1.823543222893427540e+01 3.552713678800501127e-16
1.200000000000000000e+03 3.420000000000000284e+01 0.000000000000000000e+00 1.839321144372249961e+01 7.105427357601002253e-16
1.220000000000000000e+03 3.439999999999999858e+01 0.000000000000000000e+00 1.823543222893427540e+01 3.552713678800501127e-16
1.240000000000000000e+03 3.379999999999999716e+01 0.000000000000000000e+00 1.873411944243390792e+01 3.552713678800501127e-16
