0.000000000000000000e+00 6.031666666666667425e+02 1.238755142816117996e+02 1.828953914936360181e-07 7.408786540316078437e-08
2.000000000000000000e+01 4.441999999999999886e+02 2.568833339379313543e+02 3.605981918862377622e-01 7.776878010685051024e-01
4.000000000000000000e+01 8.797499999999999432e+01 3.261365765167710862e+01 1.246272298553819624e+01 3.856157098044586951e-01
6.000000000000000000e+01 3.169999999999999929e+01 1.000000000000000056e-01 2.072337265869058953e+01 1.073193819714688829e-01
8.000000000000000000e+01 3.173999999999999844e+01 2.200000000000000289e-01 2.068361082767016157e+01 2.266048750327561423e-01
1.000000000000000000e+02 3.160000000000000142e+01 0.000000000000000000e+00 2.083069204066206481e+01 0.000000000000000000e+00
1.200000000000000000e+02 3.119999999999999929e+01 0.000000000000000000e+00 2.124923763035079105e+01 0.000000000000000000e+00
1.400000000000000000e+02 3.119999999999999929e+01 0.000000000000000000e+00 2.124923763035079105e+01 0.000000000000000000e+00
1.600000000000000000e+02 3.119999999999999929e+01 0.000000000000000000e+00 2.124923763035079105e+01 0.000000000000000000e+00
1.800000000000000000e+02 3.100000000000000000e+01 0.000000000000000000e+00 2.146387639429372740e+01 0.000000000000000000e+00
2.000000000000000000e+02 3.100000000000000000e+01 0.000000000000000000e+00 2.146387639429372740e+01 0.000000000000000000e+00
2.200000000000000000e+02 3.100000000000000000e+01 0.000000000000000000e+00 2.146387639429372740e+01 0.000000000000000000e+00
2.400000000000000000e+02 3.100000000000000000e+01 0.000000000000000000e+00 2.146387639429372740e+01 0.000000000000000000e+00
2.600000000000000000e+02 3.100000000000000000e+01 0.000000000000000000e+00 2.146387639429372740e+01 0.000000000000000000e+00
2.800000000000000000e+02 3.100000000000000000e+01 0.000000000000000000e+00 2.146387639429372740e+01 0.000000000000000000e+00
3.000000000000000000e+02 3.100000000000000000e+01 0.000000000000000000e+00 2.146387639429372740e+01 0.000000000000000000e+00
3.200000000000000000e+02 3.100000000000000000e+01 0.000000000000000000e+00 2.146387639429372740e+01 0.000000000000000000e+00
3.400000000000000000e+02 3.100000000000000000e+01 0.000000000000000000e+00 2.146387639429372740e+01 0.000000000000000000e+00
3.600000000000000000e+02 3.100000000000000000e+01 0.000000000000000000e+00 2.146387639429372740e+01 0.000000000000000000e+00
3.800000000000000000e+02 3.100000000000000000e+01 0.000000000000000000e+00 2.146387639429372740e+01 0.000000000000000000e+00
4.000000000000000000e+02 3.100000000000000000e+01 0.000000000000000000e+00 2.146387639429372740e+01 0.000000000000000000e+00
4.200000000000000000e+02 3.111999999999999744e+01 3.599999999999999867e-01 2.135015729598430312e+01 3.411572949282629663e-01
4.400000000000000000e+02 3.100000000000000000e+01 0.000000000000000000e+00 2.146387639429372740e+01 0.000000000000000000e+00
4.600000000000000000e+02 3.100000000000000000e+01 0.000000000000000000e+00 2.146387639429372740e+01 0.000000000000000000e+00
4.800000000000000000e+02 3.100000000000000000e+01 0.000000000000000000e+00 2.146387639429372740e+01 0.000000000000000000e+00
5.000000000000000000e+02 3.111999999999999744e+01 3.599999999999999867e-01 2.135015729598430312e+01 3.411572949282629663e-01
5.200000000000000000e+02 3.100000000000000000e+01 0.000000000000000000e+00 2.146387639429372740e+01 0.000000000000000000e+00
5.400000000000000000e+02 3.100000000000000000e+01 0.000000000000000000e+00 2.146387639429372740e+01 0.000000000000000000e+00
5.600000000000000000e+02 3.119999999999999929e+01 0.000000000000000000e+00 2.124923763035079105e+01 0.000000000000000000e+00
5.800000000000000000e+02 3.119999999999999929e+01 0.000000000000000000e+00 2.124923763035079105e+01 0.000000000000000000e+00
6.000000000000000000e+02 3.103999999999999915e+01 1.199999999999999956e-01 2.142202183532485193e+01 1.255636769066185154e-01
6.200000000000000000e+02 3.100000000000000000e+01 0.000000000000000000e+00 2.146387639429372740e+01 0.000000000000000000e+00
6.400000000000000000e+02 3.119999999999999929e+01 0.000000000000000000e+00 2.124923763035079105e+01 0.000000000000000000e+00
6.600000000000000000e+02 3.100000000000000000e+01 0.000000000000000000e+00 2.146387639429372740e+01 0.000000000000000000e+00
6.800000000000000000e+02 3.100000000000000000e+01 0.000000000000000000e+00 2.146387639429372740e+01 0.000000000000000000e+00
7.000000000000000000e+02 3.100000000000000000e+01 0.000000000000000000e+00 2.146387639429372740e+01 0.000000000000000000e+00
7.200000000000000000e+02 3.100000000000000000e+01 0.000000000000000000e+00 2.146387639429372740e+01 0.000000000000000000e+00
7.400000000000000000e+02 3.100000000000000000e+01 0.000000000000000000e+00 2.146387639429372740e+01 0.000000000000000000e+00
7.600000000000000000e+02 3.100000000000000000e+01 0.000000000000000000e+00 2.146387639429372740e+01 0.000000000000000000e+00
7.800000000000000000e+02 3.100000000000000000e+01 0.000000000000000000e+00 2.146387639429372740e+01 0.000000000000000000e+00
8.000000000000000000e+02 3.100000000000000000e+01 0.000000000000000000e+00 2.146387639429372740e+01 0.000000000000000000e+00
8.200000000000000000e+02 3.100000000000000000e+01 0.000000000000000000e+00 2.146387639429372740e+01 0.000000000000000000e+00
8.400000000000000000e+02 3.123999999999999844e+01 3.666060555964671397e-01 2.122499149897888771e+01 3.649027050539545014e-01
8.600000000000000000e+02 3.100000000000000000e+01 0.000000000000000000e+00 2.146387639429372740e+01 0.000000000000000000e+00
8.800000000000000000e+02 3.100000000000000000e+01 0.000000000000000000e+00 2.146387639429372740e+01 0.000000000000000000e+00
9.000000000000000000e+02 3.119999999999999929e+01 0.000000000000000000e+00 2.124923763035079105e+01 0.000000000000000000e+00
9.200000000000000000e+02 3.123999999999999844e+01 1.199999999999999956e-01 2.120738307138191914e+01 1.255636769066185154e-01
9.400000000000000000e+02 3.119999999999999929e+01 0.000000000000000000e+00 2.124923763035079105e+01 0.000000000000000000e+00
9.600000000000000000e+02 3.100000000000000000e+01 0.000000000000000000e+00 2.146387639429372740e+01 0.000000000000000000e+00
9.800000000000000000e+02 3.100000000000000000e+01 0.000000000000000000e+00 2.146387639429372740e+01 0.000000000000000000e+00
1.000000000000000000e+03 3.100000000000000000e+01 0.000000000000000000e+00 2.146387639429372740e+01 0.000000000000000000e+00
1.020000000000000000e+03 3.100000000000000000e+01 0.000000000000000000e+00 2.146387639429372740e+01 0.000000000000000000e+00
1.040000000000000000e+03 3.100000000000000000e+01 0.000000000000000000e+00 2.146387639429372740e+01 0.000000000000000000e+00
1.060000000000000000e+03 3.100000000000000000e+01 0.000000000000000000e+00 2.146387639429372740e+01 0.000000000000000000e+00
1.080000000000000000e+03 3.100000000000000000e+01 0.000000000000000000e+00 2.146387639429372740e+01 0.000000000000000000e+00
1.100000000000000000e+03 3.100000000000000000e+01 0.000000000000000000e+00 2.146387639429372740e+01 0.000000000000000000e+00
1.120000000000000000e+03 3.111999999999999744e+01 2.399999999999999911e-01 2.133723952356739773e+01 2.532737414526664566e-01
1.140000000000000000e+03 3.123999999999999844e+01 3.666060555964671397e-01 2.122499149897888771e+01 3.649027050539545014e-01
1.160000000000000000e+03 3.111999999999999744e+01 1.833030277982335698e-01 2.133831271738710811e+01 1.918016846538526388e-01
1.180000000000000000e+03 3.116000000000000369e+01 1.959591794226542283e-01 2.129645815841823620e+01 2.050446257659353788e-01
1.200000000000000000e+03 2.248000000000000114e+02 0.000000000000000000e+00 1.717110111543498263e+01 0.000000000000000000e+00
1.220000000000000000e+03 2.248000000000000114e+02 0.000000000000000000e+00 1.717110111543498263e+01 0.000000000000000000e+00
1.240000000000000000e+03 3.139999999999999858e+01 2.000000000000000111e-01 2.105042847524864413e+01 1.988091551021454739e-01
