0.000000000000000000e+00 6.937833333333333030e+02 1.528940873728166139e+02 1.534606179988713608e-05 1.534955095993199294e-05
2.000000000000000000e+01 7.959500000000000455e+02 1.409067856916443304e+02 2.955224732937922787e-07 2.955283081616122485e-07
4.000000000000000000e+01 7.102749999999999773e+02 1.906821998198741142e+02 1.759354817558523784e-03 2.525952187199312186e-03
6.000000000000000000e+01 4.972899999999999636e+02 1.835081030178242258e+02 5.368428797421652757e-03 8.566773546444526530e-03
8.000000000000000000e+01 4.750542857142856406e+02 2.146964315629467421e+02 7.475378821298372944e-02 1.659806696379920177e-01
1.000000000000000000e+02 2.094061111111111018e+02 1.427728155701700814e+02 3.030348805891943442e+00 2.678952698008142175e+00
1.200000000000000000e+02 2.395000000000000000e+02 2.732398214023717298e+00 7.501520836514193213e+00 6.641104001000768253e-01
1.400000000000000000e+02 4.944444444444444287e+01 8.019851912059101195e+00 1.036956478223689615e+01 1.074311597532811025e+00
1.600000000000000000e+02 4.220000000000000284e+01 0.000000000000000000e+00 1.246267360778052513e+01 3.552713678800501127e-16
1.800000000000000000e+02 4.160000000000000142e+01 0.000000000000000000e+00 1.288053502762685731e+01 7.105427357601002253e-16
2.000000000000000000e+02 4.120000000000000284e+01 0.000000000000000000e+00 1.322144302633826030e+01 3.552713678800501127e-16
2.200000000000000000e+02 4.039999999999999858e+01 0.000000000000000000e+00 1.362107858069394695e+01 7.105427357601002253e-16
2.400000000000000000e+02 4.039999999999999858e+01 0.000000000000000000e+00 1.362107858069394695e+01 7.105427357601002253e-16
2.600000000000000000e+02 4.020000000000000284e+01 0.000000000000000000e+00 1.372575253541720031e+01 1.065814103640150239e-15
2.800000000000000000e+02 4.020000000000000284e+01 0.000000000000000000e+00 1.372575253541720031e+01 1.065814103640150239e-15
3.000000000000000000e+02 4.020000000000000284e+01 0.000000000000000000e+00 1.372575253541720031e+01 1.065814103640150239e-15
3.200000000000000000e+02 4.020000000000000284e+01 0.000000000000000000e+00 1.372575253541720031e+01 1.065814103640150239e-15
3.400000000000000000e+02 4.020000000000000284e+01 0.000000000000000000e+00 1.372575253541720031e+01 1.065814103640150239e-15
3.600000000000000000e+02 4.020000000000000284e+01 0.000000000000000000e+00 1.372575253541720031e+01 1.065814103640150239e-15
3.800000000000000000e+02 4.020000000000000284e+01 0.000000000000000000e+00 1.372575253541720031e+01 1.065814103640150239e-15
4.000000000000000000e+02 4.020000000000000284e+01 0.000000000000000000e+00 1.372575253541720031e+01 1.065814103640150239e-15
4.200000000000000000e+02 4.020000000000000284e+01 0.000000000000000000e+00 1.372575253541720031e+01 1.065814103640150239e-15
4.400000000000000000e+02 4.020000000000000284e+01 0.000000000000000000e+00 1.372575253541720031e+01 1.065814103640150239e-15
4.600000000000000000e+02 4.020000000000000284e+01 0.000000000000000000e+00 1.372575253541720031e+01 1.065814103640150239e-15
4.800000000000000000e+02 4.020000000000000284e+01 0.000000000000000000e+00 1.372575253541720031e+01 1.065814103640150239e-15
5.000000000000000000e+02 4.020000000000000284e+01 0.000000000000000000e+00 1.372575253541720031e+01 1.065814103640150239e-15
5.200000000000000000e+02 4.020000000000000284e+01 0.000000000000000000e+00 1.372575253541720031e+01 1.065814103640150239e-15
5.400000000000000000e+02 4.020000000000000284e+01 0.000000000000000000e+00 1.372575253541720031e+01 1.065814103640150239e-15
5.600000000000000000e+02 4.020000000000000284e+01 0.000000000000000000e+00 1.372575253541720031e+01 1.065814103640150239e-15
5.800000000000000000e+02 4.020000000000000284e+01 0.000000000000000000e+00 1.372575253541720031e+01 1.065814103640150239e-15
6.000000000000000000e+02 4.020000000000000284e+01 0.000000000000000000e+00 1.372575253541720031e+01 1.065814103640150239e-15
6.200000000000000000e+02 3.979999999999999716e+01 0.000000000000000000e+00 1.410348993011127661e+01 1.065814103640150239e-15
6.400000000000000000e+02 3.979999999999999716e+01 0.000000000000000000e+00 1.410348993011127661e+01 1.065814103640150239e-15
6.600000000000000000e+02 3.979999999999999716e+01 0.000000000000000000e+00 1.410348993011127661e+01 1.065814103640150239e-15
6.800000000000000000e+02 3.979999999999999716e+01 0.000000000000000000e+00 1.410348993011127661e+01 1.065814103640150239e-15
7.000000000000000000e+02 3.979999999999999716e+01 0.000000000000000000e+00 1.410348993011127661e+01 1.065814103640150239e-15
7.200000000000000000e+02 3.979999999999999716e+01 0.000000000000000000e+00 1.410348993011127661e+01 1.065814103640150239e-15
7.400000000000000000e+02 3.939999999999999858e+01 0.000000000000000000e+00 1.452203551980000462e+01 1.065814103640150239e-15
7.600000000000000000e+02 3.939999999999999858e+01 0.000000000000000000e+00 1.452203551980000462e+01 1.065814103640150239e-15
7.800000000000000000e+02 3.939999999999999858e+01 0.000000000000000000e+00 1.452203551980000462e+01 1.065814103640150239e-15
8.000000000000000000e+02 3.939999999999999858e+01 0.000000000000000000e+00 1.452203551980000462e+01 1.065814103640150239e-15
8.200000000000000000e+02 3.939999999999999858e+01 0.000000000000000000e+00 1.452203551980000462e+01 1.065814103640150239e-15
8.400000000000000000e+02 3.939999999999999858e+01 0.000000000000000000e+00 1.452203551980000462e+01 1.065814103640150239e-15
8.600000000000000000e+02 3.939999999999999858e+01 0.000000000000000000e+00 1.452203551980000462e+01 1.065814103640150239e-15
8.800000000000000000e+02 3.939999999999999858e+01 0.000000000000000000e+00 1.452203551980000462e+01 1.065814103640150239e-15
9.000000000000000000e+02 3.939999999999999858e+01 0.000000000000000000e+00 1.452203551980000462e+01 1.065814103640150239e-15
9.200000000000000000e+02 3.939999999999999858e+01 0.000000000000000000e+00 1.452203551980000462e+01 1.065814103640150239e-15
9.400000000000000000e+02 3.939999999999999858e+01 0.000000000000000000e+00 1.452203551980000462e+01 1.065814103640150239e-15
9.600000000000000000e+02 3.939999999999999858e+01 0.000000000000000000e+00 1.452203551980000462e+01 1.065814103640150239e-15
9.800000000000000000e+02 3.939999999999999858e+01 0.000000000000000000e+00 1.452203551980000462e+01 1.065814103640150239e-15
1.000000000000000000e+03 3.939999999999999858e+01 0.000000000000000000e+00 1.452203551980000462e+01 1.065814103640150239e-15
1.020000000000000000e+03 3.939999999999999858e+01 0.000000000000000000e+00 1.452203551980000462e+01 1.065814103640150239e-15
1.040000000000000000e+03 3.939999999999999858e+01 0.000000000000000000e+00 1.452203551980000462e+01 1.065814103640150239e-15
1.060000000000000000e+03 3.939999999999999858e+01 0.000000000000000000e+00 1.452203551980000462e+01 1.065814103640150239e-15
1.080000000000000000e+03 3.939999999999999858e+01 0.000000000000000000e+00 1.452203551980000462e+01 1.065814103640150239e-15
1.100000000000000000e+03 3.939999999999999858e+01 0.000000000000000000e+00 1.452203551980000462e+01 1.065814103640150239e-15
1.120000000000000000e+03 3.939999999999999858e+01 0.000000000000000000e+00 1.452203551980000462e+01 1.065814103640150239e-15
1.140000000000000000e+03 3.939999999999999858e+01 0.000000000000000000e+00 1.452203551980000462e+01 1.065814103640150239e-15
1.160000000000000000e+03 3.900000000000000000e+01 0.000000000000000000e+00 1.474820085133501912e+01 1.065814103640150239e-15
1.180000000000000000e+03 3.900000000000000000e+01 0.000000000000000000e+00 1.474820085133501912e+01 1.065814103640150239e-15
1.200000000000000000e+03 3.900000000000000000e+01 0.000000000000000000e+00 1.474820085133501912e+01 1.065814103640150239e-15
1.220000000000000000e+03 3.900000000000000000e+01 0.000000000000000000e+00 1.474820085133501912e+01 1.065814103640150239e-15
1.240000000000000000e+03 3.900000000000000000e+01 0.000000000000000000e+00 1.474820085133501912e+01 1.065814103640150239e-15
