0.000000000000000000e+00 5.694666666666666970e+02 4.728300484946207405e+01 7.706549286805437795e-06 3.577491234818424136e-08
2.000000000000000000e+01 8.077999999999999545e+02 0.000000000000000000e+00 2.847914826927493870e+00 3.552713678800501127e-16
4.000000000000000000e+01 1.000000000000000000e+03 0.000000000000000000e+00 0.000000000000000000e+00 0.000000000000000000e+00
6.000000000000000000e+01 8.117999999999999545e+02 0.000000000000000000e+00 1.020937373672065274e+00 0.000000000000000000e+00
8.000000000000000000e+01 8.072000000000000455e+02 0.000000000000000000e+00 3.321667679752143165e+00 0.000000000000000000e+00
1.000000000000000000e+02 8.070000000000000000e+02 0.000000000000000000e+00 3.496492294475940010e+00 0.000000000000000000e+00
1.200000000000000000e+02 6.156000000000000227e+02 0.000000000000000000e+00 5.816136720476050570e+00 3.552713678800501127e-16
1.400000000000000000e+02 4.251999999999999886e+02 0.000000000000000000e+00 7.906427350729629211e+00 5.329070518200751197e-16
1.600000000000000000e+02 8.066000000000000227e+02 0.000000000000000000e+00 3.874229689170017199e+00 0.000000000000000000e+00
1.800000000000000000e+02 6.167999999999999545e+02 0.000000000000000000e+00 5.413129194704279890e+00 0.000000000000000000e+00
2.000000000000000000e+02 8.304299999999999500e+02 8.879215215265000438e+01 2.055693511739348743e-03 3.560565814848018398e-03
2.200000000000000000e+02 4.525199999999999818e+03 0.000000000000000000e+00 0.000000000000000000e+00 0.000000000000000000e+00
2.400000000000000000e+02 3.260000000000000000e+03 5.357999999999999545e+02 6.386037290292635227e+00 0.000000000000000000e+00
2.600000000000000000e+02 6.147999999999999545e+02 0.000000000000000000e+00 6.344407121403433436e+00 3.552713678800501127e-16
2.800000000000000000e+02 6.142000000000000455e+02 0.000000000000000000e+00 6.872034770146325577e+00 0.000000000000000000e+00
3.000000000000000000e+02 1.268220000000000073e+04 0.000000000000000000e+00 6.872034770146325577e+00 0.000000000000000000e+00
3.200000000000000000e+02 6.142000000000000455e+02 0.000000000000000000e+00 6.872034770146325577e+00 0.000000000000000000e+00
3.400000000000000000e+02 6.972800000000000182e+03 0.000000000000000000e+00 7.029813984934553339e+00 3.552713678800501127e-16
3.600000000000000000e+02 5.327960000000000036e+03 2.398528063292151728e+03 7.370721983645957209e+00 1.264693764189898559e-155
3.800000000000000000e+02 7.642600000000000364e+03 2.269664524638951661e+03 7.370721983645957209e+00 1.501226801173685921e-38
4.000000000000000000e+02 6.725333333333333030e+02 6.119448503346975343e+01 1.593459706724723317e-06 1.619253590281524844e-06
4.200000000000000000e+02 9.452999999999999545e+02 3.056321318186293112e+01 1.226436046445115298e-13 2.120653721868354821e-13
4.400000000000000000e+02 8.067999999999999545e+02 0.000000000000000000e+00 3.680518204711516805e+00 0.000000000000000000e+00
4.600000000000000000e+02 6.133999999999999773e+02 0.000000000000000000e+00 7.554747893881534893e+00 0.000000000000000000e+00
4.800000000000000000e+02 4.208000000000000114e+02 0.000000000000000000e+00 1.071033218964607059e+01 3.552713678800501127e-16
5.000000000000000000e+02 4.201999999999999886e+02 0.000000000000000000e+00 1.124495167281597574e+01 0.000000000000000000e+00
5.200000000000000000e+02 4.200000000000000000e+02 0.000000000000000000e+00 1.144885849856176563e+01 0.000000000000000000e+00
5.400000000000000000e+02 4.198000000000000114e+02 0.000000000000000000e+00 1.166349726250470198e+01 0.000000000000000000e+00
5.600000000000000000e+02 4.198000000000000114e+02 0.000000000000000000e+00 1.166349726250470198e+01 0.000000000000000000e+00
5.800000000000000000e+02 4.198000000000000114e+02 0.000000000000000000e+00 1.166349726250470198e+01 0.000000000000000000e+00
6.000000000000000000e+02 8.614799999999999045e+02 4.535010099558748209e+01 4.117052464188323364e-04 8.234079729111567613e-04
6.200000000000000000e+02 9.566000000000000227e+02 0.000000000000000000e+00 7.601325525908968646e-17 0.000000000000000000e+00
6.400000000000000000e+02 9.252000000000000455e+02 0.000000000000000000e+00 2.389369420311569487e-13 0.000000000000000000e+00
6.600000000000000000e+02 7.466000000000000227e+02 6.001955236976252905e+01 3.155590419349869613e+00 8.660057429591750712e-06
6.800000000000000000e+02 8.073999999999999773e+02 0.000000000000000000e+00 3.155584295764536140e+00 3.552713678800501127e-16
7.000000000000000000e+02 4.208000000000000114e+02 0.000000000000000000e+00 1.073021310515628457e+01 3.552713678800501127e-16
7.200000000000000000e+02 4.201999999999999886e+02 0.000000000000000000e+00 1.128575986781062568e+01 0.000000000000000000e+00
7.400000000000000000e+02 4.201999999999999886e+02 0.000000000000000000e+00 1.128575986781062568e+01 0.000000000000000000e+00
7.600000000000000000e+02 4.201999999999999886e+02 0.000000000000000000e+00 1.128575986781062568e+01 0.000000000000000000e+00
7.800000000000000000e+02 4.198000000000000114e+02 0.000000000000000000e+00 1.166349726250470198e+01 0.000000000000000000e+00
8.000000000000000000e+02 7.125666666666667197e+02 9.798441174287879107e+01 9.473383564883411208e-06 1.999256337934719971e-05
8.200000000000000000e+02 8.992999999999999545e+02 1.893647274441573458e+01 4.051512387346550074e-09 5.379282711473755783e-09
8.400000000000000000e+02 1.000000000000000000e+03 0.000000000000000000e+00 0.000000000000000000e+00 0.000000000000000000e+00
8.600000000000000000e+02 4.236000000000000227e+02 0.000000000000000000e+00 8.797082523080675287e+00 0.000000000000000000e+00
8.800000000000000000e+02 4.230000000000000000e+02 0.000000000000000000e+00 9.165815638929302622e+00 0.000000000000000000e+00
9.000000000000000000e+02 4.230000000000000000e+02 0.000000000000000000e+00 9.165815638929302622e+00 0.000000000000000000e+00
9.200000000000000000e+02 4.223999999999999773e+02 0.000000000000000000e+00 9.648226988346634059e+00 3.552713678800501127e-16
9.400000000000000000e+02 4.218000000000000114e+02 0.000000000000000000e+00 1.006810380434014540e+01 3.552713678800501127e-16
9.600000000000000000e+02 4.218000000000000114e+02 0.000000000000000000e+00 1.006810380434014540e+01 3.552713678800501127e-16
9.800000000000000000e+02 4.218000000000000114e+02 0.000000000000000000e+00 1.006810380434014540e+01 3.552713678800501127e-16
1.000000000000000000e+03 8.132166666666666970e+02 7.698147937129165541e+01 3.512014560011374176e-05 5.128480893594658107e-05
1.020000000000000000e+03 9.160000000000000000e+02 0.000000000000000000e+00 2.529283191532378385e-12 0.000000000000000000e+00
1.040000000000000000e+03 4.707333333333332916e+02 1.189098631550619345e+01 8.167069955598492470e+00 7.854012872049413317e-05
1.060000000000000000e+03 6.126000000000000227e+02 0.000000000000000000e+00 8.370911793774553189e+00 0.000000000000000000e+00
1.080000000000000000e+03 6.126000000000000227e+02 0.000000000000000000e+00 8.370911793774553189e+00 0.000000000000000000e+00
1.100000000000000000e+03 4.241999999999999886e+02 0.000000000000000000e+00 9.606487931389555257e+00 0.000000000000000000e+00
1.120000000000000000e+03 4.240000000000000000e+02 0.000000000000000000e+00 9.660221477372296306e+00 0.000000000000000000e+00
1.140000000000000000e+03 4.233999999999999773e+02 0.000000000000000000e+00 9.838993823097057501e+00 0.000000000000000000e+00
1.160000000000000000e+03 4.230000000000000000e+02 0.000000000000000000e+00 9.974407361462164445e+00 0.000000000000000000e+00
1.180000000000000000e+03 4.230000000000000000e+02 0.000000000000000000e+00 9.974407361462164445e+00 0.000000000000000000e+00
