0.000000000000000000e+00 2.000000000000000000e+03 0.000000000000000000e+00 0.000000000000000000e+00 0.000000000000000000e+00
2.000000000000000000e+01 2.001000000000000000e+03 0.000000000000000000e+00 4.561786908384176603e-44 0.000000000000000000e+00
4.000000000000000000e+01 1.728200000000000045e+03 0.000000000000000000e+00 6.670336326266936539e-22 0.000000000000000000e+00
6.000000000000000000e+01 2.000000000000000000e+03 0.000000000000000000e+00 0.000000000000000000e+00 0.000000000000000000e+00
8.000000000000000000e+01 1.951599999999999909e+03 0.000000000000000000e+00 1.450121822472069361e-38 0.000000000000000000e+00
1.000000000000000000e+02 1.674400000000000091e+03 1.075999999999999943e+02 2.990822562931785743e-14 2.990822562931785743e-14
1.200000000000000000e+02 2.000000000000000000e+03 0.000000000000000000e+00 0.000000000000000000e+00 0.000000000000000000e+00
1.400000000000000000e+02 1.938200000000000045e+03 0.000000000000000000e+00 4.507367135633191687e-37 0.000000000000000000e+00
1.600000000000000000e+02 1.903400000000000091e+03 0.000000000000000000e+00 3.768281043513504926e-38 0.000000000000000000e+00
1.800000000000000000e+02 1.771000000000000000e+03 0.000000000000000000e+00 1.193542616924769487e-27 0.000000000000000000e+00
2.000000000000000000e+02 1.844000000000000000e+03 0.000000000000000000e+00 1.000593552937955220e-31 0.000000000000000000e+00
2.200000000000000000e+02 2.000000000000000000e+03 0.000000000000000000e+00 0.000000000000000000e+00 0.000000000000000000e+00
2.400000000000000000e+02 2.000000000000000000e+03 0.000000000000000000e+00 0.000000000000000000e+00 0.000000000000000000e+00
2.600000000000000000e+02 1.960799999999999955e+03 0.000000000000000000e+00 2.829031516782969319e-41 0.000000000000000000e+00
2.800000000000000000e+02 1.615950000000000045e+03 8.343936421138405990e+01 5.092797074845125283e-15 8.820983121740661269e-15
3.000000000000000000e+02 1.843000000000000000e+03 3.939999999999999858e+01 2.212618704905864707e-22 2.212618697509180292e-22
3.200000000000000000e+02 1.836900000000000091e+03 3.229999999999999716e+01 1.712082282157045933e-22 1.712082063743731742e-22
3.400000000000000000e+02 1.661320000000000164e+03 8.947550279266387463e+01 2.965902892163128684e-12 5.091584150396178692e-12
3.600000000000000000e+02 1.714849999999999909e+03 1.027744982960267208e+02 1.118520386581803132e-02 2.868213829229794218e-02
3.800000000000000000e+02 1.877400000000000091e+03 1.459999999999999964e+01 5.640746441949802300e-29 5.634440207508517072e-29
4.000000000000000000e+02 1.487400000000000091e+03 7.526287265312160457e+01 6.434451771226119554e-01 1.217325470093738940e-16
4.200000000000000000e+02 1.225000000000000000e+03 8.200000000000000000e+01 6.434464850813219616e-01 1.307958710019140350e-06
4.400000000000000000e+02 1.208200000000000045e+03 4.860000000000000142e+01 6.446160641667091351e-01 8.881784197001252816e-17
4.600000000000000000e+02 1.153000000000000000e+03 3.286801890389298819e+01 7.012096506430671727e-01 3.037510100579276368e-02
4.800000000000000000e+02 1.015700000000000045e+03 5.988280220564164580e+01 1.354621425521288280e+00 5.722091331543312438e-19
5.000000000000000000e+02 8.688666666666665606e+02 8.868135216730868819e+01 1.390269357771852343e+00 5.462227147125166168e-15
5.200000000000000000e+02 8.927333333333333485e+02 1.546246968187777782e+02 1.390269357771875658e+00 3.835943912636072445e-14
5.400000000000000000e+02 7.724666666666665833e+02 2.078812029317678878e+02 1.390271296257697076e+00 3.365258499672850899e-06
5.600000000000000000e+02 8.752599999999999909e+02 3.941177996487852653e+01 1.440415374887197286e+00 8.135154717490825083e-02
5.800000000000000000e+02 4.543999999999999773e+02 0.000000000000000000e+00 2.629593001076975689e+00 8.881784197001252816e-17
6.000000000000000000e+02 4.541999999999999886e+02 0.000000000000000000e+00 2.653242567665205165e+00 8.881784197001252816e-17
6.200000000000000000e+02 2.903999999999999773e+02 0.000000000000000000e+00 2.757238981081235440e+00 8.881784197001252816e-17
6.400000000000000000e+02 2.747500000000000000e+02 1.149588948276730918e+02 2.783443840380512846e+00 6.120796343020861030e-07
6.600000000000000000e+02 2.170400000000000205e+02 6.295946632556537992e+01 2.783443487063124167e+00 1.165472691558474395e-10
6.800000000000000000e+02 1.688000000000000114e+02 1.067639140034371792e+02 2.784934609872496303e+00 3.281365807361294636e-03
7.000000000000000000e+02 6.779999999999999716e+01 0.000000000000000000e+00 3.307533605294895374e+00 8.881784197001252816e-17
7.200000000000000000e+02 6.759999999999999432e+01 0.000000000000000000e+00 3.335117295731670595e+00 8.881784197001252816e-17
7.400000000000000000e+02 6.720000000000000284e+01 0.000000000000000000e+00 3.391736449786103780e+00 1.776356839400250563e-16
7.600000000000000000e+02 6.700000000000000000e+01 0.000000000000000000e+00 3.422300095699427835e+00 8.881784197001252816e-17
7.800000000000000000e+02 6.679999999999999716e+01 0.000000000000000000e+00 3.454472354555558233e+00 1.776356839400250563e-16
8.000000000000000000e+02 6.659999999999999432e+01 0.000000000000000000e+00 3.488337890193590418e+00 8.881784197001252816e-17
8.200000000000000000e+02 6.659999999999999432e+01 0.000000000000000000e+00 3.488337890193590418e+00 8.881784197001252816e-17
8.400000000000000000e+02 6.640000000000000568e+01 0.000000000000000000e+00 3.523985822444150706e+00 8.881784197001252816e-17
8.600000000000000000e+02 6.640000000000000568e+01 0.000000000000000000e+00 3.523985822444150706e+00 8.881784197001252816e-17
8.800000000000000000e+02 6.640000000000000568e+01 0.000000000000000000e+00 3.523985822444150706e+00 8.881784197001252816e-17
9.000000000000000000e+02 6.620000000000000284e+01 0.000000000000000000e+00 3.553021286061809114e+00 1.776356839400250563e-16
9.200000000000000000e+02 6.579999999999999716e+01 0.000000000000000000e+00 3.621109071186249029e+00 1.776356839400250563e-16
9.400000000000000000e+02 6.579999999999999716e+01 0.000000000000000000e+00 3.621109071186249029e+00 1.776356839400250563e-16
9.600000000000000000e+02 6.579999999999999716e+01 0.000000000000000000e+00 3.621109071186249029e+00 1.776356839400250563e-16
9.800000000000000000e+02 6.579999999999999716e+01 0.000000000000000000e+00 3.621109071186249029e+00 1.776356839400250563e-16
1.000000000000000000e+03 6.579999999999999716e+01 0.000000000000000000e+00 3.621109071186249029e+00 1.776356839400250563e-16
1.020000000000000000e+03 6.579999999999999716e+01 0.000000000000000000e+00 3.621109071186249029e+00 1.776356839400250563e-16
1.040000000000000000e+03 6.579999999999999716e+01 0.000000000000000000e+00 3.621109071186249029e+00 1.776356839400250563e-16
1.060000000000000000e+03 6.579999999999999716e+01 0.000000000000000000e+00 3.621109071186249029e+00 1.776356839400250563e-16
1.080000000000000000e+03 6.579999999999999716e+01 0.000000000000000000e+00 3.621109071186249029e+00 1.776356839400250563e-16
1.100000000000000000e+03 6.579999999999999716e+01 0.000000000000000000e+00 3.621109071186249029e+00 1.776356839400250563e-16
1.120000000000000000e+03 6.579999999999999716e+01 0.000000000000000000e+00 3.621109071186249029e+00 1.776356839400250563e-16
1.140000000000000000e+03 6.579999999999999716e+01 0.000000000000000000e+00 3.621109071186249029e+00 1.776356839400250563e-16
1.160000000000000000e+03 6.579999999999999716e+01 0.000000000000000000e+00 3.621109071186249029e+00 1.776356839400250563e-16
1.180000000000000000e+03 6.579999999999999716e+01 0.000000000000000000e+00 3.621109071186249029e+00 1.776356839400250563e-16
1.200000000000000000e+03 6.579999999999999716e+01 0.000000000000000000e+00 3.621109071186249029e+00 1.776356839400250563e-16
1.220000000000000000e+03 6.579999999999999716e+01 0.000000000000000000e+00 3.621109071186249029e+00 1.776356839400250563e-16
1.240000000000000000e+03 6.559999999999999432e+01 0.000000000000000000e+00 3.660608165092686939e+00 1.776356839400250563e-16
1.260000000000000000e+03 6.559999999999999432e+01 0.000000000000000000e+00 3.660608165092686939e+00 1.776356839400250563e-16
1.280000000000000000e+03 6.559999999999999432e+01 0.000000000000000000e+00 3.660608165092686939e+00 1.776356839400250563e-16
1.300000000000000000e+03 6.559999999999999432e+01 0.000000000000000000e+00 3.660608165092686939e+00 1.776356839400250563e-16
1.320000000000000000e+03 6.559999999999999432e+01 0.000000000000000000e+00 3.660608165092686939e+00 1.776356839400250563e-16
1.340000000000000000e+03 6.559999999999999432e+01 0.000000000000000000e+00 3.660608165092686939e+00 1.776356839400250563e-16
1.360000000000000000e+03 6.540000000000000568e+01 0.000000000000000000e+00 3.702186158678411054e+00 8.881784197001252816e-17
1.380000000000000000e+03 6.540000000000000568e+01 0.000000000000000000e+00 3.702186158678411054e+00 8.881784197001252816e-17
1.400000000000000000e+03 6.500000000000000000e+01 0.000000000000000000e+00 3.775358230140087645e+00 1.776356839400250563e-16
1.420000000000000000e+03 6.500000000000000000e+01 0.000000000000000000e+00 3.775358230140087645e+00 1.776356839400250563e-16
1.440000000000000000e+03 6.500000000000000000e+01 0.000000000000000000e+00 3.775358230140087645e+00 1.776356839400250563e-16
1.460000000000000000e+03 6.500000000000000000e+01 0.000000000000000000e+00 3.775358230140087645e+00 1.776356839400250563e-16
1.480000000000000000e+03 6.500000000000000000e+01 0.000000000000000000e+00 3.775358230140087645e+00 1.776356839400250563e-16
1.500000000000000000e+03 6.500000000000000000e+01 0.000000000000000000e+00 3.775358230140087645e+00 1.776356839400250563e-16
1.520000000000000000e+03 6.500000000000000000e+01 0.000000000000000000e+00 3.775358230140087645e+00 1.776356839400250563e-16
1.540000000000000000e+03 6.479999999999999716e+01 0.000000000000000000e+00 3.807530488996218487e+00 2.664535259100375598e-16
1.560000000000000000e+03 6.420000000000000284e+01 0.000000000000000000e+00 3.922473112126412698e+00 8.881784197001252816e-17
1.580000000000000000e+03 6.420000000000000284e+01 0.000000000000000000e+00 3.922473112126412698e+00 8.881784197001252816e-17
1.600000000000000000e+03 6.420000000000000284e+01 0.000000000000000000e+00 3.922473112126412698e+00 8.881784197001252816e-17
1.620000000000000000e+03 6.420000000000000284e+01 0.000000000000000000e+00 3.922473112126412698e+00 8.881784197001252816e-17
1.640000000000000000e+03 6.420000000000000284e+01 0.000000000000000000e+00 3.922473112126412698e+00 8.881784197001252816e-17
1.660000000000000000e+03 6.420000000000000284e+01 0.000000000000000000e+00 3.922473112126412698e+00 8.881784197001252816e-17
1.680000000000000000e+03 6.420000000000000284e+01 0.000000000000000000e+00 3.922473112126412698e+00 8.881784197001252816e-17
1.700000000000000000e+03 6.420000000000000284e+01 0.000000000000000000e+00 3.922473112126412698e+00 8.881784197001252816e-17
1.720000000000000000e+03 6.420000000000000284e+01 0.000000000000000000e+00 3.922473112126412698e+00 8.881784197001252816e-17
1.740000000000000000e+03 6.420000000000000284e+01 0.000000000000000000e+00 3.922473112126412698e+00 8.881784197001252816e-17
1.760000000000000000e+03 6.420000000000000284e+01 0.000000000000000000e+00 3.922473112126412698e+00 8.881784197001252816e-17
1.780000000000000000e+03 6.379999999999999716e+01 0.000000000000000000e+00 4.003550199618574723e+00 0.000000000000000000e+00
1.800000000000000000e+03 6.379999999999999716e+01 0.000000000000000000e+00 4.003550199618574723e+00 0.000000000000000000e+00
1.820000000000000000e+03 6.379999999999999716e+01 0.000000000000000000e+00 4.003550199618574723e+00 0.000000000000000000e+00
1.840000000000000000e+03 6.379999999999999716e+01 0.000000000000000000e+00 4.003550199618574723e+00 0.000000000000000000e+00
1.860000000000000000e+03 6.379999999999999716e+01 0.000000000000000000e+00 4.003550199618574723e+00 0.000000000000000000e+00
1.880000000000000000e+03 6.379999999999999716e+01 0.000000000000000000e+00 4.003550199618574723e+00 0.000000000000000000e+00
1.900000000000000000e+03 6.379999999999999716e+01 0.000000000000000000e+00 4.003550199618574723e+00 0.000000000000000000e+00
1.920000000000000000e+03 6.379999999999999716e+01 0.000000000000000000e+00 4.003550199618574723e+00 0.000000000000000000e+00
1.940000000000000000e+03 6.379999999999999716e+01 0.000000000000000000e+00 4.003550199618574723e+00 0.000000000000000000e+00
1.960000000000000000e+03 6.379999999999999716e+01 0.000000000000000000e+00 4.003550199618574723e+00 0.000000000000000000e+00
1.980000000000000000e+03 6.379999999999999716e+01 0.000000000000000000e+00 4.003550199618574723e+00 0.000000000000000000e+00
2.000000000000000000e+03 6.379999999999999716e+01 0.000000000000000000e+00 4.003550199618574723e+00 0.000000000000000000e+00
2.020000000000000000e+03 6.379999999999999716e+01 0.000000000000000000e+00 4.003550199618574723e+00 0.000000000000000000e+00
2.040000000000000000e+03 6.379999999999999716e+01 0.000000000000000000e+00 4.003550199618574723e+00 0.000000000000000000e+00
2.060000000000000000e+03 6.379999999999999716e+01 0.000000000000000000e+00 4.003550199618574723e+00 0.000000000000000000e+00
2.080000000000000000e+03 6.379999999999999716e+01 0.000000000000000000e+00 4.003550199618574723e+00 0.000000000000000000e+00
2.100000000000000000e+03 6.379999999999999716e+01 0.000000000000000000e+00 4.003550199618574723e+00 0.000000000000000000e+00
2.120000000000000000e+03 6.379999999999999716e+01 0.000000000000000000e+00 4.003550199618574723e+00 0.000000000000000000e+00
2.140000000000000000e+03 6.379999999999999716e+01 0.000000000000000000e+00 4.003550199618574723e+00 0.000000000000000000e+00
2.160000000000000000e+03 6.379999999999999716e+01 0.000000000000000000e+00 4.003550199618574723e+00 0.000000000000000000e+00
2.180000000000000000e+03 6.379999999999999716e+01 0.000000000000000000e+00 4.003550199618574723e+00 0.000000000000000000e+00
2.200000000000000000e+03 6.379999999999999716e+01 0.000000000000000000e+00 4.003550199618574723e+00 0.000000000000000000e+00
2.220000000000000000e+03 6.379999999999999716e+01 0.000000000000000000e+00 4.003550199618574723e+00 0.000000000000000000e+00
2.240000000000000000e+03 6.379999999999999716e+01 0.000000000000000000e+00 4.003550199618574723e+00 0.000000000000000000e+00
2.260000000000000000e+03 6.379999999999999716e+01 0.000000000000000000e+00 4.003550199618574723e+00 0.000000000000000000e+00
2.280000000000000000e+03 6.379999999999999716e+01 0.000000000000000000e+00 4.003550199618574723e+00 0.000000000000000000e+00
2.300000000000000000e+03 6.379999999999999716e+01 0.000000000000000000e+00 4.003550199618574723e+00 0.000000000000000000e+00
2.320000000000000000e+03 6.379999999999999716e+01 0.000000000000000000e+00 4.003550199618574723e+00 0.000000000000000000e+00
2.340000000000000000e+03 6.379999999999999716e+01 0.000000000000000000e+00 4.003550199618574723e+00 0.000000000000000000e+00
2.360000000000000000e+03 6.379999999999999716e+01 0.000000000000000000e+00 4.003550199618574723e+00 0.000000000000000000e+00
2.380000000000000000e+03 6.379999999999999716e+01 0.000000000000000000e+00 4.003550199618574723e+00 0.000000000000000000e+00
2.400000000000000000e+03 6.379999999999999716e+01 0.000000000000000000e+00 4.003550199618574723e+00 0.000000000000000000e+00
2.420000000000000000e+03 6.379999999999999716e+01 0.000000000000000000e+00 4.003550199618574723e+00 0.000000000000000000e+00
2.440000000000000000e+03 6.379999999999999716e+01 0.000000000000000000e+00 4.003550199618574723e+00 0.000000000000000000e+00
2.460000000000000000e+03 6.379999999999999716e+01 0.000000000000000000e+00 4.003550199618574723e+00 0.000000000000000000e+00
2.480000000000000000e+03 6.379999999999999716e+01 0.000000000000000000e+00 4.003550199618574723e+00 0.000000000000000000e+00
2.500000000000000000e+03 6.379999999999999716e+01 0.000000000000000000e+00 4.003550199618574723e+00 0.000000000000000000e+00
2.520000000000000000e+03 6.379999999999999716e+01 0.000000000000000000e+00 4.003550199618574723e+00 0.000000000000000000e+00
2.540000000000000000e+03 6.379999999999999716e+01 0.000000000000000000e+00 4.003550199618574723e+00 0.000000000000000000e+00
2.560000000000000000e+03 6.379999999999999716e+01 0.000000000000000000e+00 4.003550199618574723e+00 0.000000000000000000e+00
2.580000000000000000e+03 6.379999999999999716e+01 0.000000000000000000e+00 4.003550199618574723e+00 0.000000000000000000e+00
2.600000000000000000e+03 6.379999999999999716e+01 0.000000000000000000e+00 4.003550199618574723e+00 0.000000000000000000e+00
2.620000000000000000e+03 6.379999999999999716e+01 0.000000000000000000e+00 4.003550199618574723e+00 0.000000000000000000e+00
2.640000000000000000e+03 6.379999999999999716e+01 0.000000000000000000e+00 4.003550199618574723e+00 0.000000000000000000e+00
2.660000000000000000e+03 6.379999999999999716e+01 0.000000000000000000e+00 4.003550199618574723e+00 0.000000000000000000e+00
2.680000000000000000e+03 6.379999999999999716e+01 0.000000000000000000e+00 4.003550199618574723e+00 0.000000000000000000e+00
2.700000000000000000e+03 6.379999999999999716e+01 0.000000000000000000e+00 4.003550199618574723e+00 0.000000000000000000e+00
2.720000000000000000e+03 6.379999999999999716e+01 0.000000000000000000e+00 4.003550199618574723e+00 0.000000000000000000e+00
2.740000000000000000e+03 6.379999999999999716e+01 0.000000000000000000e+00 4.003550199618574723e+00 0.000000000000000000e+00
2.760000000000000000e+03 6.379999999999999716e+01 0.000000000000000000e+00 4.003550199618574723e+00 0.000000000000000000e+00
2.780000000000000000e+03 6.379999999999999716e+01 0.000000000000000000e+00 4.003550199618574723e+00 0.000000000000000000e+00
2.800000000000000000e+03 6.379999999999999716e+01 0.000000000000000000e+00 4.003550199618574723e+00 0.000000000000000000e+00
2.820000000000000000e+03 6.379999999999999716e+01 0.000000000000000000e+00 4.003550199618574723e+00 0.000000000000000000e+00
2.840000000000000000e+03 6.379999999999999716e+01 0.000000000000000000e+00 4.003550199618574723e+00 0.000000000000000000e+00
2.860000000000000000e+03 6.379999999999999716e+01 0.000000000000000000e+00 4.003550199618574723e+00 0.000000000000000000e+00
2.880000000000000000e+03 6.379999999999999716e+01 0.000000000000000000e+00 4.003550199618574723e+00 0.000000000000000000e+00
2.900000000000000000e+03 6.379999999999999716e+01 0.000000000000000000e+00 4.003550199618574723e+00 0.000000000000000000e+00
2.920000000000000000e+03 6.379999999999999716e+01 0.000000000000000000e+00 4.003550199618574723e+00 0.000000000000000000e+00
2.940000000000000000e+03 6.379999999999999716e+01 0.000000000000000000e+00 4.003550199618574723e+00 0.000000000000000000e+00
2.960000000000000000e+03 6.379999999999999716e+01 0.000000000000000000e+00 4.003550199618574723e+00 0.000000000000000000e+00
2.980000000000000000e+03 6.379999999999999716e+01 0.000000000000000000e+00 4.003550199618574723e+00 0.000000000000000000e+00
3.000000000000000000e+03 6.379999999999999716e+01 0.000000000000000000e+00 4.003550199618574723e+00 0.000000000000000000e+00
3.020000000000000000e+03 6.379999999999999716e+01 0.000000000000000000e+00 4.003550199618574723e+00 0.000000000000000000e+00
3.040000000000000000e+03 6.379999999999999716e+01 0.000000000000000000e+00 4.003550199618574723e+00 0.000000000000000000e+00
3.060000000000000000e+03 6.379999999999999716e+01 0.000000000000000000e+00 4.003550199618574723e+00 0.000000000000000000e+00
3.080000000000000000e+03 6.379999999999999716e+01 0.000000000000000000e+00 4.003550199618574723e+00 0.000000000000000000e+00
3.100000000000000000e+03 6.379999999999999716e+01 0.000000000000000000e+00 4.003550199618574723e+00 0.000000000000000000e+00
3.120000000000000000e+03 6.379999999999999716e+01 0.000000000000000000e+00 4.003550199618574723e+00 0.000000000000000000e+00
3.140000000000000000e+03 6.379999999999999716e+01 0.000000000000000000e+00 4.003550199618574723e+00 0.000000000000000000e+00
3.160000000000000000e+03 6.379999999999999716e+01 0.000000000000000000e+00 4.003550199618574723e+00 0.000000000000000000e+00
3.180000000000000000e+03 6.379999999999999716e+01 0.000000000000000000e+00 4.003550199618574723e+00 0.000000000000000000e+00
3.200000000000000000e+03 6.379999999999999716e+01 0.000000000000000000e+00 4.003550199618574723e+00 0.000000000000000000e+00
3.220000000000000000e+03 6.379999999999999716e+01 0.000000000000000000e+00 4.003550199618574723e+00 0.000000000000000000e+00
3.240000000000000000e+03 6.379999999999999716e+01 0.000000000000000000e+00 4.003550199618574723e+00 0.000000000000000000e+00
3.260000000000000000e+03 6.379999999999999716e+01 0.000000000000000000e+00 4.003550199618574723e+00 0.000000000000000000e+00
3.280000000000000000e+03 6.379999999999999716e+01 0.000000000000000000e+00 4.003550199618574723e+00 0.000000000000000000e+00
3.300000000000000000e+03 6.379999999999999716e+01 0.000000000000000000e+00 4.003550199618574723e+00 0.000000000000000000e+00
3.320000000000000000e+03 6.379999999999999716e+01 0.000000000000000000e+00 4.003550199618574723e+00 0.000000000000000000e+00
3.340000000000000000e+03 6.379999999999999716e+01 0.000000000000000000e+00 4.003550199618574723e+00 0.000000000000000000e+00
3.360000000000000000e+03 6.379999999999999716e+01 0.000000000000000000e+00 4.003550199618574723e+00 0.000000000000000000e+00
3.380000000000000000e+03 6.379999999999999716e+01 0.000000000000000000e+00 4.003550199618574723e+00 0.000000000000000000e+00
3.400000000000000000e+03 6.379999999999999716e+01 0.000000000000000000e+00 4.003550199618574723e+00 0.000000000000000000e+00
3.420000000000000000e+03 6.379999999999999716e+01 0.000000000000000000e+00 4.003550199618574723e+00 0.000000000000000000e+00
3.440000000000000000e+03 6.379999999999999716e+01 0.000000000000000000e+00 4.003550199618574723e+00 0.000000000000000000e+00
3.460000000000000000e+03 6.379999999999999716e+01 0.000000000000000000e+00 4.003550199618574723e+00 0.000000000000000000e+00
3.480000000000000000e+03 6.379999999999999716e+01 0.000000000000000000e+00 4.003550199618574723e+00 0.000000000000000000e+00
3.500000000000000000e+03 6.379999999999999716e+01 0.000000000000000000e+00 4.003550199618574723e+00 0.000000000000000000e+00
3.520000000000000000e+03 6.379999999999999716e+01 0.000000000000000000e+00 4.003550199618574723e+00 0.000000000000000000e+00
3.540000000000000000e+03 6.379999999999999716e+01 0.000000000000000000e+00 4.003550199618574723e+00 0.000000000000000000e+00
3.560000000000000000e+03 6.379999999999999716e+01 0.000000000000000000e+00 4.003550199618574723e+00 0.000000000000000000e+00
3.580000000000000000e+03 6.379999999999999716e+01 0.000000000000000000e+00 4.003550199618574723e+00 0.000000000000000000e+00
3.600000000000000000e+03 6.379999999999999716e+01 0.000000000000000000e+00 4.003550199618574723e+00 0.000000000000000000e+00
3.620000000000000000e+03 6.379999999999999716e+01 0.000000000000000000e+00 4.003550199618574723e+00 0.000000000000000000e+00
3.640000000000000000e+03 6.379999999999999716e+01 0.000000000000000000e+00 4.003550199618574723e+00 0.000000000000000000e+00
3.660000000000000000e+03 6.379999999999999716e+01 0.000000000000000000e+00 4.003550199618574723e+00 0.000000000000000000e+00
3.680000000000000000e+03 6.379999999999999716e+01 0.000000000000000000e+00 4.003550199618574723e+00 0.000000000000000000e+00
3.700000000000000000e+03 6.379999999999999716e+01 0.000000000000000000e+00 4.003550199618574723e+00 0.000000000000000000e+00
3.720000000000000000e+03 6.379999999999999716e+01 0.000000000000000000e+00 4.003550199618574723e+00 0.000000000000000000e+00
3.740000000000000000e+03 6.379999999999999716e+01 0.000000000000000000e+00 4.003550199618574723e+00 0.000000000000000000e+00
3.760000000000000000e+03 6.379999999999999716e+01 0.000000000000000000e+00 4.003550199618574723e+00 0.000000000000000000e+00
3.780000000000000000e+03 6.379999999999999716e+01 0.000000000000000000e+00 4.003550199618574723e+00 0.000000000000000000e+00
3.800000000000000000e+03 6.379999999999999716e+01 0.000000000000000000e+00 4.003550199618574723e+00 0.000000000000000000e+00
3.820000000000000000e+03 6.379999999999999716e+01 0.000000000000000000e+00 4.003550199618574723e+00 0.000000000000000000e+00
3.840000000000000000e+03 6.379999999999999716e+01 0.000000000000000000e+00 4.003550199618574723e+00 0.000000000000000000e+00
3.860000000000000000e+03 6.379999999999999716e+01 0.000000000000000000e+00 4.003550199618574723e+00 0.000000000000000000e+00
3.880000000000000000e+03 6.379999999999999716e+01 0.000000000000000000e+00 4.003550199618574723e+00 0.000000000000000000e+00
3.900000000000000000e+03 6.379999999999999716e+01 0.000000000000000000e+00 4.003550199618574723e+00 0.000000000000000000e+00
3.920000000000000000e+03 6.379999999999999716e+01 0.000000000000000000e+00 4.003550199618574723e+00 0.000000000000000000e+00
3.940000000000000000e+03 6.379999999999999716e+01 0.000000000000000000e+00 4.003550199618574723e+00 0.000000000000000000e+00
3.960000000000000000e+03 6.379999999999999716e+01 0.000000000000000000e+00 4.003550199618574723e+00 0.000000000000000000e+00
3.980000000000000000e+03 6.379999999999999716e+01 0.000000000000000000e+00 4.003550199618574723e+00 0.000000000000000000e+00
4.000000000000000000e+03 6.379999999999999716e+01 0.000000000000000000e+00 4.003550199618574723e+00 0.000000000000000000e+00
4.020000000000000000e+03 6.379999999999999716e+01 0.000000000000000000e+00 4.003550199618574723e+00 0.000000000000000000e+00
4.040000000000000000e+03 6.379999999999999716e+01 0.000000000000000000e+00 4.003550199618574723e+00 0.000000000000000000e+00
4.060000000000000000e+03 6.379999999999999716e+01 0.000000000000000000e+00 4.003550199618574723e+00 0.000000000000000000e+00
4.080000000000000000e+03 6.379999999999999716e+01 0.000000000000000000e+00 4.003550199618574723e+00 0.000000000000000000e+00
4.100000000000000000e+03 6.379999999999999716e+01 0.000000000000000000e+00 4.003550199618574723e+00 0.000000000000000000e+00
4.120000000000000000e+03 6.379999999999999716e+01 0.000000000000000000e+00 4.003550199618574723e+00 0.000000000000000000e+00
4.140000000000000000e+03 6.379999999999999716e+01 0.000000000000000000e+00 4.003550199618574723e+00 0.000000000000000000e+00
4.160000000000000000e+03 6.379999999999999716e+01 0.000000000000000000e+00 4.003550199618574723e+00 0.000000000000000000e+00
4.180000000000000000e+03 6.379999999999999716e+01 0.000000000000000000e+00 4.003550199618574723e+00 0.000000000000000000e+00
4.200000000000000000e+03 6.379999999999999716e+01 0.000000000000000000e+00 4.003550199618574723e+00 0.000000000000000000e+00
4.220000000000000000e+03 6.379999999999999716e+01 0.000000000000000000e+00 4.003550199618574723e+00 0.000000000000000000e+00
4.240000000000000000e+03 6.379999999999999716e+01 0.000000000000000000e+00 4.003550199618574723e+00 0.000000000000000000e+00
4.260000000000000000e+03 6.379999999999999716e+01 0.000000000000000000e+00 4.003550199618574723e+00 0.000000000000000000e+00
4.280000000000000000e+03 6.379999999999999716e+01 0.000000000000000000e+00 4.003550199618574723e+00 0.000000000000000000e+00
4.300000000000000000e+03 6.379999999999999716e+01 0.000000000000000000e+00 4.003550199618574723e+00 0.000000000000000000e+00
4.320000000000000000e+03 6.379999999999999716e+01 0.000000000000000000e+00 4.003550199618574723e+00 0.000000000000000000e+00
4.340000000000000000e+03 6.379999999999999716e+01 0.000000000000000000e+00 4.003550199618574723e+00 0.000000000000000000e+00
4.360000000000000000e+03 6.379999999999999716e+01 0.000000000000000000e+00 4.003550199618574723e+00 0.000000000000000000e+00
4.380000000000000000e+03 6.379999999999999716e+01 0.000000000000000000e+00 4.003550199618574723e+00 0.000000000000000000e+00
4.400000000000000000e+03 6.379999999999999716e+01 0.000000000000000000e+00 4.003550199618574723e+00 0.000000000000000000e+00
4.420000000000000000e+03 6.379999999999999716e+01 0.000000000000000000e+00 4.003550199618574723e+00 0.000000000000000000e+00
4.440000000000000000e+03 6.379999999999999716e+01 0.000000000000000000e+00 4.003550199618574723e+00 0.000000000000000000e+00
4.460000000000000000e+03 6.379999999999999716e+01 0.000000000000000000e+00 4.003550199618574723e+00 0.000000000000000000e+00
4.480000000000000000e+03 6.379999999999999716e+01 0.000000000000000000e+00 4.003550199618574723e+00 0.000000000000000000e+00
4.500000000000000000e+03 6.379999999999999716e+01 0.000000000000000000e+00 4.003550199618574723e+00 0.000000000000000000e+00
4.520000000000000000e+03 6.379999999999999716e+01 0.000000000000000000e+00 4.003550199618574723e+00 0.000000000000000000e+00
4.540000000000000000e+03 6.379999999999999716e+01 0.000000000000000000e+00 4.003550199618574723e+00 0.000000000000000000e+00
4.560000000000000000e+03 6.379999999999999716e+01 0.000000000000000000e+00 4.003550199618574723e+00 0.000000000000000000e+00
4.580000000000000000e+03 6.379999999999999716e+01 0.000000000000000000e+00 4.003550199618574723e+00 0.000000000000000000e+00
4.600000000000000000e+03 6.379999999999999716e+01 0.000000000000000000e+00 4.003550199618574723e+00 0.000000000000000000e+00
4.620000000000000000e+03 6.379999999999999716e+01 0.000000000000000000e+00 4.003550199618574723e+00 0.000000000000000000e+00
4.640000000000000000e+03 6.379999999999999716e+01 0.000000000000000000e+00 4.003550199618574723e+00 0.000000000000000000e+00
4.660000000000000000e+03 6.379999999999999716e+01 0.000000000000000000e+00 4.003550199618574723e+00 0.000000000000000000e+00
4.680000000000000000e+03 6.379999999999999716e+01 0.000000000000000000e+00 4.003550199618574723e+00 0.000000000000000000e+00
4.700000000000000000e+03 6.379999999999999716e+01 0.000000000000000000e+00 4.003550199618574723e+00 0.000000000000000000e+00
4.720000000000000000e+03 6.379999999999999716e+01 0.000000000000000000e+00 4.003550199618574723e+00 0.000000000000000000e+00
4.740000000000000000e+03 6.379999999999999716e+01 0.000000000000000000e+00 4.003550199618574723e+00 0.000000000000000000e+00
4.760000000000000000e+03 6.379999999999999716e+01 0.000000000000000000e+00 4.003550199618574723e+00 0.000000000000000000e+00
4.780000000000000000e+03 6.379999999999999716e+01 0.000000000000000000e+00 4.003550199618574723e+00 0.000000000000000000e+00
4.800000000000000000e+03 6.379999999999999716e+01 0.000000000000000000e+00 4.003550199618574723e+00 0.000000000000000000e+00
4.820000000000000000e+03 6.379999999999999716e+01 0.000000000000000000e+00 4.003550199618574723e+00 0.000000000000000000e+00
4.840000000000000000e+03 6.379999999999999716e+01 0.000000000000000000e+00 4.003550199618574723e+00 0.000000000000000000e+00
4.860000000000000000e+03 6.379999999999999716e+01 0.000000000000000000e+00 4.003550199618574723e+00 0.000000000000000000e+00
4.880000000000000000e+03 6.379999999999999716e+01 0.000000000000000000e+00 4.003550199618574723e+00 0.000000000000000000e+00
4.900000000000000000e+03 6.379999999999999716e+01 0.000000000000000000e+00 4.003550199618574723e+00 0.000000000000000000e+00
4.920000000000000000e+03 6.379999999999999716e+01 0.000000000000000000e+00 4.003550199618574723e+00 0.000000000000000000e+00
4.940000000000000000e+03 6.379999999999999716e+01 0.000000000000000000e+00 4.003550199618574723e+00 0.000000000000000000e+00
4.960000000000000000e+03 6.379999999999999716e+01 0.000000000000000000e+00 4.003550199618574723e+00 0.000000000000000000e+00
4.980000000000000000e+03 6.379999999999999716e+01 0.000000000000000000e+00 4.003550199618574723e+00 0.000000000000000000e+00
