0.000000000000000000e+00 1.946400000000000091e+03 0.000000000000000000e+00 5.502888974793483933e-38 0.000000000000000000e+00
2.000000000000000000e+01 1.929200000000000045e+03 0.000000000000000000e+00 4.532738824496667955e-36 0.000000000000000000e+00
4.000000000000000000e+01 1.946599999999999909e+03 0.000000000000000000e+00 5.227744526053809893e-38 0.000000000000000000e+00
6.000000000000000000e+01 1.474000000000000000e+03 1.760000000000000142e+01 8.679605807674973419e-25 5.476666030746444412e-25
8.000000000000000000e+01 1.978599999999999909e+03 0.000000000000000000e+00 1.425907003693260420e-41 0.000000000000000000e+00
1.000000000000000000e+02 1.911799999999999955e+03 0.000000000000000000e+00 3.930131082095644383e-34 0.000000000000000000e+00
1.200000000000000000e+02 1.947799999999999955e+03 0.000000000000000000e+00 3.842872607361388748e-38 0.000000000000000000e+00
1.400000000000000000e+02 1.978400000000000091e+03 0.000000000000000000e+00 1.500954740729747958e-41 0.000000000000000000e+00
1.600000000000000000e+02 1.976799999999999955e+03 0.000000000000000000e+00 2.262448772964845914e-41 0.000000000000000000e+00
1.800000000000000000e+02 1.971200000000000045e+03 0.000000000000000000e+00 9.513006784476318715e-41 0.000000000000000000e+00
2.000000000000000000e+02 2.000000000000000000e+03 0.000000000000000000e+00 0.000000000000000000e+00 0.000000000000000000e+00
2.200000000000000000e+02 2.000000000000000000e+03 0.000000000000000000e+00 0.000000000000000000e+00 0.000000000000000000e+00
2.400000000000000000e+02 2.000000000000000000e+03 0.000000000000000000e+00 0.000000000000000000e+00 0.000000000000000000e+00
2.600000000000000000e+02 2.000000000000000000e+03 0.000000000000000000e+00 0.000000000000000000e+00 0.000000000000000000e+00
2.800000000000000000e+02 2.000000000000000000e+03 0.000000000000000000e+00 0.000000000000000000e+00 0.000000000000000000e+00
3.000000000000000000e+02 2.000000000000000000e+03 0.000000000000000000e+00 0.000000000000000000e+00 0.000000000000000000e+00
3.200000000000000000e+02 1.853599999999999909e+03 0.000000000000000000e+00 1.193542523455686125e-27 0.000000000000000000e+00
3.400000000000000000e+02 2.000000000000000000e+03 0.000000000000000000e+00 0.000000000000000000e+00 0.000000000000000000e+00
3.600000000000000000e+02 1.699700000000000045e+03 4.989999999999999858e+01 5.108644045610681987e-10 5.108644045532445177e-10
3.800000000000000000e+02 1.370240000000000009e+03 5.942758955232829976e+01 1.977672942038420922e-01 1.398810168309837638e-11
4.000000000000000000e+02 1.617400000000000091e+03 0.000000000000000000e+00 2.428063556211864926e-01 0.000000000000000000e+00
4.200000000000000000e+02 8.831499999999999773e+02 7.042874058223674183e+01 4.730365060794421983e-01 3.378348296937783157e-03
4.400000000000000000e+02 1.234799999999999955e+03 0.000000000000000000e+00 4.913734814177349586e-01 4.440892098500626408e-17
4.600000000000000000e+02 5.725333333333333030e+02 2.521181380931478344e+01 8.832269206698700748e-01 1.343540343702610100e-09
4.800000000000000000e+02 5.626000000000000227e+02 5.439999999999999858e+01 8.832305682834625804e-01 3.648563662253758575e-06
5.000000000000000000e+02 3.463000000000000114e+02 8.209999999999999432e+01 1.181329427369295804e+00 1.085112620980125106e-21
5.200000000000000000e+02 2.441333333333332973e+02 2.717318940099270463e+01 1.244330429107983749e+00 1.049564100267771035e-15
5.400000000000000000e+02 4.646000000000000227e+02 0.000000000000000000e+00 1.373314483259904462e+00 0.000000000000000000e+00
5.600000000000000000e+02 4.641999999999999886e+02 0.000000000000000000e+00 1.419431138106952872e+00 0.000000000000000000e+00
5.800000000000000000e+02 4.636000000000000227e+02 0.000000000000000000e+00 1.498113615077853567e+00 0.000000000000000000e+00
6.000000000000000000e+02 4.636000000000000227e+02 0.000000000000000000e+00 1.498113615077853567e+00 0.000000000000000000e+00
6.200000000000000000e+02 8.079999999999999716e+01 0.000000000000000000e+00 1.753699252573839074e+00 4.440892098500626408e-17
6.400000000000000000e+02 8.079999999999999716e+01 0.000000000000000000e+00 1.753699252573839074e+00 4.440892098500626408e-17
6.600000000000000000e+02 8.079999999999999716e+01 0.000000000000000000e+00 1.753699252573839074e+00 4.440892098500626408e-17
6.800000000000000000e+02 8.079999999999999716e+01 0.000000000000000000e+00 1.753699252573839074e+00 4.440892098500626408e-17
7.000000000000000000e+02 8.059999999999999432e+01 0.000000000000000000e+00 1.767151128231522650e+00 4.440892098500626408e-17
7.200000000000000000e+02 8.059999999999999432e+01 0.000000000000000000e+00 1.767151128231522650e+00 4.440892098500626408e-17
7.400000000000000000e+02 8.059999999999999432e+01 0.000000000000000000e+00 1.767151128231522650e+00 4.440892098500626408e-17
7.600000000000000000e+02 8.059999999999999432e+01 0.000000000000000000e+00 1.767151128231522650e+00 4.440892098500626408e-17
7.800000000000000000e+02 8.059999999999999432e+01 0.000000000000000000e+00 1.767151128231522650e+00 4.440892098500626408e-17
8.000000000000000000e+02 8.059999999999999432e+01 0.000000000000000000e+00 1.767151128231522650e+00 4.440892098500626408e-17
8.200000000000000000e+02 8.059999999999999432e+01 0.000000000000000000e+00 1.767151128231522650e+00 4.440892098500626408e-17
8.400000000000000000e+02 8.059999999999999432e+01 0.000000000000000000e+00 1.767151128231522650e+00 4.440892098500626408e-17
8.600000000000000000e+02 8.059999999999999432e+01 0.000000000000000000e+00 1.767151128231522650e+00 4.440892098500626408e-17
8.800000000000000000e+02 8.040000000000000568e+01 0.000000000000000000e+00 1.781310997344873526e+00 0.000000000000000000e+00
9.000000000000000000e+02 8.000000000000000000e+01 0.000000000000000000e+00 1.817559856573226273e+00 0.000000000000000000e+00
9.200000000000000000e+02 7.979999999999999716e+01 0.000000000000000000e+00 1.840026944832044764e+00 0.000000000000000000e+00
9.400000000000000000e+02 7.979999999999999716e+01 0.000000000000000000e+00 1.840026944832044764e+00 0.000000000000000000e+00
9.600000000000000000e+02 7.979999999999999716e+01 0.000000000000000000e+00 1.840026944832044764e+00 0.000000000000000000e+00
9.800000000000000000e+02 7.979999999999999716e+01 0.000000000000000000e+00 1.840026944832044764e+00 0.000000000000000000e+00
1.000000000000000000e+03 7.979999999999999716e+01 0.000000000000000000e+00 1.840026944832044764e+00 0.000000000000000000e+00
1.020000000000000000e+03 7.920000000000000284e+01 0.000000000000000000e+00 1.931798313219157404e+00 8.881784197001252816e-17
1.040000000000000000e+03 7.900000000000000000e+01 0.000000000000000000e+00 1.965663848857189588e+00 0.000000000000000000e+00
1.060000000000000000e+03 7.900000000000000000e+01 0.000000000000000000e+00 1.965663848857189588e+00 0.000000000000000000e+00
1.080000000000000000e+03 7.900000000000000000e+01 0.000000000000000000e+00 1.965663848857189588e+00 0.000000000000000000e+00
1.100000000000000000e+03 7.900000000000000000e+01 0.000000000000000000e+00 1.965663848857189588e+00 0.000000000000000000e+00
1.120000000000000000e+03 7.900000000000000000e+01 0.000000000000000000e+00 1.965663848857189588e+00 0.000000000000000000e+00
1.140000000000000000e+03 7.900000000000000000e+01 0.000000000000000000e+00 1.965663848857189588e+00 0.000000000000000000e+00
1.160000000000000000e+03 7.900000000000000000e+01 0.000000000000000000e+00 1.965663848857189588e+00 0.000000000000000000e+00
1.180000000000000000e+03 7.900000000000000000e+01 0.000000000000000000e+00 1.965663848857189588e+00 0.000000000000000000e+00
1.200000000000000000e+03 7.900000000000000000e+01 0.000000000000000000e+00 1.965663848857189588e+00 0.000000000000000000e+00
1.220000000000000000e+03 7.900000000000000000e+01 0.000000000000000000e+00 1.965663848857189588e+00 0.000000000000000000e+00
1.240000000000000000e+03 7.900000000000000000e+01 0.000000000000000000e+00 1.965663848857189588e+00 0.000000000000000000e+00
1.260000000000000000e+03 7.900000000000000000e+01 0.000000000000000000e+00 1.965663848857189588e+00 0.000000000000000000e+00
1.280000000000000000e+03 7.900000000000000000e+01 0.000000000000000000e+00 1.965663848857189588e+00 0.000000000000000000e+00
1.300000000000000000e+03 7.900000000000000000e+01 0.000000000000000000e+00 1.965663848857189588e+00 0.000000000000000000e+00
1.320000000000000000e+03 7.900000000000000000e+01 0.000000000000000000e+00 1.965663848857189588e+00 0.000000000000000000e+00
1.340000000000000000e+03 7.900000000000000000e+01 0.000000000000000000e+00 1.965663848857189588e+00 0.000000000000000000e+00
1.360000000000000000e+03 7.900000000000000000e+01 0.000000000000000000e+00 1.965663848857189588e+00 0.000000000000000000e+00
1.380000000000000000e+03 7.900000000000000000e+01 0.000000000000000000e+00 1.965663848857189588e+00 0.000000000000000000e+00
1.400000000000000000e+03 7.900000000000000000e+01 0.000000000000000000e+00 1.965663848857189588e+00 0.000000000000000000e+00
1.420000000000000000e+03 7.879999999999999716e+01 0.000000000000000000e+00 1.978443130731988742e+00 4.440892098500626408e-17
1.440000000000000000e+03 7.879999999999999716e+01 0.000000000000000000e+00 1.978443130731988742e+00 4.440892098500626408e-17
1.460000000000000000e+03 7.879999999999999716e+01 0.000000000000000000e+00 1.978443130731988742e+00 4.440892098500626408e-17
1.480000000000000000e+03 7.879999999999999716e+01 0.000000000000000000e+00 1.978443130731988742e+00 4.440892098500626408e-17
1.500000000000000000e+03 7.859999999999999432e+01 0.000000000000000000e+00 1.991895006389672318e+00 4.440892098500626408e-17
1.520000000000000000e+03 7.859999999999999432e+01 0.000000000000000000e+00 1.991895006389672318e+00 4.440892098500626408e-17
1.540000000000000000e+03 7.859999999999999432e+01 0.000000000000000000e+00 1.991895006389672318e+00 4.440892098500626408e-17
1.560000000000000000e+03 7.859999999999999432e+01 0.000000000000000000e+00 1.991895006389672318e+00 4.440892098500626408e-17
1.580000000000000000e+03 7.859999999999999432e+01 0.000000000000000000e+00 1.991895006389672318e+00 4.440892098500626408e-17
1.600000000000000000e+03 7.859999999999999432e+01 0.000000000000000000e+00 1.991895006389672318e+00 4.440892098500626408e-17
1.620000000000000000e+03 7.820000000000000284e+01 0.000000000000000000e+00 2.024099986440448973e+00 4.440892098500626408e-17
1.640000000000000000e+03 7.820000000000000284e+01 0.000000000000000000e+00 2.024099986440448973e+00 4.440892098500626408e-17
1.660000000000000000e+03 7.820000000000000284e+01 0.000000000000000000e+00 2.024099986440448973e+00 4.440892098500626408e-17
1.680000000000000000e+03 7.820000000000000284e+01 0.000000000000000000e+00 2.024099986440448973e+00 4.440892098500626408e-17
1.700000000000000000e+03 7.820000000000000284e+01 0.000000000000000000e+00 2.024099986440448973e+00 4.440892098500626408e-17
1.720000000000000000e+03 7.779999999999999716e+01 0.000000000000000000e+00 2.053164980936274642e+00 0.000000000000000000e+00
1.740000000000000000e+03 7.779999999999999716e+01 0.000000000000000000e+00 2.053164980936274642e+00 0.000000000000000000e+00
1.760000000000000000e+03 7.779999999999999716e+01 0.000000000000000000e+00 2.053164980936274642e+00 0.000000000000000000e+00
1.780000000000000000e+03 7.779999999999999716e+01 0.000000000000000000e+00 2.053164980936274642e+00 0.000000000000000000e+00
1.800000000000000000e+03 7.759999999999999432e+01 0.000000000000000000e+00 2.070549585552078575e+00 0.000000000000000000e+00
1.820000000000000000e+03 7.759999999999999432e+01 0.000000000000000000e+00 2.070549585552078575e+00 0.000000000000000000e+00
1.840000000000000000e+03 7.759999999999999432e+01 0.000000000000000000e+00 2.070549585552078575e+00 0.000000000000000000e+00
1.860000000000000000e+03 7.740000000000000568e+01 0.000000000000000000e+00 2.088849169358187652e+00 0.000000000000000000e+00
1.880000000000000000e+03 7.740000000000000568e+01 0.000000000000000000e+00 2.088849169358187652e+00 0.000000000000000000e+00
1.900000000000000000e+03 7.740000000000000568e+01 0.000000000000000000e+00 2.088849169358187652e+00 0.000000000000000000e+00
1.920000000000000000e+03 7.740000000000000568e+01 0.000000000000000000e+00 2.088849169358187652e+00 0.000000000000000000e+00
1.940000000000000000e+03 7.740000000000000568e+01 0.000000000000000000e+00 2.088849169358187652e+00 0.000000000000000000e+00
1.960000000000000000e+03 7.740000000000000568e+01 0.000000000000000000e+00 2.088849169358187652e+00 0.000000000000000000e+00
1.980000000000000000e+03 7.740000000000000568e+01 0.000000000000000000e+00 2.088849169358187652e+00 0.000000000000000000e+00
2.000000000000000000e+03 7.740000000000000568e+01 0.000000000000000000e+00 2.088849169358187652e+00 0.000000000000000000e+00
2.020000000000000000e+03 7.740000000000000568e+01 0.000000000000000000e+00 2.088849169358187652e+00 0.000000000000000000e+00
2.040000000000000000e+03 7.740000000000000568e+01 0.000000000000000000e+00 2.088849169358187652e+00 0.000000000000000000e+00
2.060000000000000000e+03 7.740000000000000568e+01 0.000000000000000000e+00 2.088849169358187652e+00 0.000000000000000000e+00
2.080000000000000000e+03 7.740000000000000568e+01 0.000000000000000000e+00 2.088849169358187652e+00 0.000000000000000000e+00
2.100000000000000000e+03 7.740000000000000568e+01 0.000000000000000000e+00 2.088849169358187652e+00 0.000000000000000000e+00
2.120000000000000000e+03 7.740000000000000568e+01 0.000000000000000000e+00 2.088849169358187652e+00 0.000000000000000000e+00
2.140000000000000000e+03 7.740000000000000568e+01 0.000000000000000000e+00 2.088849169358187652e+00 0.000000000000000000e+00
2.160000000000000000e+03 7.740000000000000568e+01 0.000000000000000000e+00 2.088849169358187652e+00 0.000000000000000000e+00
2.180000000000000000e+03 7.740000000000000568e+01 0.000000000000000000e+00 2.088849169358187652e+00 0.000000000000000000e+00
2.200000000000000000e+03 7.720000000000000284e+01 0.000000000000000000e+00 2.124497101608747940e+00 0.000000000000000000e+00
2.220000000000000000e+03 7.700000000000000000e+01 0.000000000000000000e+00 2.162021240819863799e+00 8.881784197001252816e-17
2.240000000000000000e+03 7.700000000000000000e+01 0.000000000000000000e+00 2.162021240819863799e+00 8.881784197001252816e-17
2.260000000000000000e+03 7.700000000000000000e+01 0.000000000000000000e+00 2.162021240819863799e+00 8.881784197001252816e-17
2.280000000000000000e+03 7.700000000000000000e+01 0.000000000000000000e+00 2.162021240819863799e+00 8.881784197001252816e-17
2.300000000000000000e+03 7.700000000000000000e+01 0.000000000000000000e+00 2.162021240819863799e+00 8.881784197001252816e-17
2.320000000000000000e+03 7.700000000000000000e+01 0.000000000000000000e+00 2.162021240819863799e+00 8.881784197001252816e-17
2.340000000000000000e+03 7.700000000000000000e+01 0.000000000000000000e+00 2.162021240819863799e+00 8.881784197001252816e-17
2.360000000000000000e+03 7.700000000000000000e+01 0.000000000000000000e+00 2.162021240819863799e+00 8.881784197001252816e-17
2.380000000000000000e+03 7.700000000000000000e+01 0.000000000000000000e+00 2.162021240819863799e+00 8.881784197001252816e-17
2.400000000000000000e+03 7.700000000000000000e+01 0.000000000000000000e+00 2.162021240819863799e+00 8.881784197001252816e-17
2.420000000000000000e+03 7.700000000000000000e+01 0.000000000000000000e+00 2.162021240819863799e+00 8.881784197001252816e-17
2.440000000000000000e+03 7.700000000000000000e+01 0.000000000000000000e+00 2.162021240819863799e+00 8.881784197001252816e-17
2.460000000000000000e+03 7.700000000000000000e+01 0.000000000000000000e+00 2.162021240819863799e+00 8.881784197001252816e-17
2.480000000000000000e+03 7.700000000000000000e+01 0.000000000000000000e+00 2.162021240819863799e+00 8.881784197001252816e-17
2.500000000000000000e+03 7.700000000000000000e+01 0.000000000000000000e+00 2.162021240819863799e+00 8.881784197001252816e-17
2.520000000000000000e+03 7.700000000000000000e+01 0.000000000000000000e+00 2.162021240819863799e+00 8.881784197001252816e-17
2.540000000000000000e+03 7.700000000000000000e+01 0.000000000000000000e+00 2.162021240819863799e+00 8.881784197001252816e-17
2.560000000000000000e+03 7.700000000000000000e+01 0.000000000000000000e+00 2.162021240819863799e+00 8.881784197001252816e-17
2.580000000000000000e+03 7.700000000000000000e+01 0.000000000000000000e+00 2.162021240819863799e+00 8.881784197001252816e-17
2.600000000000000000e+03 7.700000000000000000e+01 0.000000000000000000e+00 2.162021240819863799e+00 8.881784197001252816e-17
2.620000000000000000e+03 7.700000000000000000e+01 0.000000000000000000e+00 2.162021240819863799e+00 8.881784197001252816e-17
2.640000000000000000e+03 7.700000000000000000e+01 0.000000000000000000e+00 2.162021240819863799e+00 8.881784197001252816e-17
2.660000000000000000e+03 7.700000000000000000e+01 0.000000000000000000e+00 2.162021240819863799e+00 8.881784197001252816e-17
2.680000000000000000e+03 7.700000000000000000e+01 0.000000000000000000e+00 2.162021240819863799e+00 8.881784197001252816e-17
2.700000000000000000e+03 7.700000000000000000e+01 0.000000000000000000e+00 2.162021240819863799e+00 8.881784197001252816e-17
2.720000000000000000e+03 7.700000000000000000e+01 0.000000000000000000e+00 2.162021240819863799e+00 8.881784197001252816e-17
2.740000000000000000e+03 7.700000000000000000e+01 0.000000000000000000e+00 2.162021240819863799e+00 8.881784197001252816e-17
2.760000000000000000e+03 7.700000000000000000e+01 0.000000000000000000e+00 2.162021240819863799e+00 8.881784197001252816e-17
2.780000000000000000e+03 7.700000000000000000e+01 0.000000000000000000e+00 2.162021240819863799e+00 8.881784197001252816e-17
2.800000000000000000e+03 7.700000000000000000e+01 0.000000000000000000e+00 2.162021240819863799e+00 8.881784197001252816e-17
2.820000000000000000e+03 7.700000000000000000e+01 0.000000000000000000e+00 2.162021240819863799e+00 8.881784197001252816e-17
2.840000000000000000e+03 7.700000000000000000e+01 0.000000000000000000e+00 2.162021240819863799e+00 8.881784197001252816e-17
2.860000000000000000e+03 7.700000000000000000e+01 0.000000000000000000e+00 2.162021240819863799e+00 8.881784197001252816e-17
2.880000000000000000e+03 7.700000000000000000e+01 0.000000000000000000e+00 2.162021240819863799e+00 8.881784197001252816e-17
2.900000000000000000e+03 7.700000000000000000e+01 0.000000000000000000e+00 2.162021240819863799e+00 8.881784197001252816e-17
2.920000000000000000e+03 7.700000000000000000e+01 0.000000000000000000e+00 2.162021240819863799e+00 8.881784197001252816e-17
2.940000000000000000e+03 7.700000000000000000e+01 0.000000000000000000e+00 2.162021240819863799e+00 8.881784197001252816e-17
2.960000000000000000e+03 7.700000000000000000e+01 0.000000000000000000e+00 2.162021240819863799e+00 8.881784197001252816e-17
2.980000000000000000e+03 7.700000000000000000e+01 0.000000000000000000e+00 2.162021240819863799e+00 8.881784197001252816e-17
3.000000000000000000e+03 7.700000000000000000e+01 0.000000000000000000e+00 2.162021240819863799e+00 8.881784197001252816e-17
3.020000000000000000e+03 7.700000000000000000e+01 0.000000000000000000e+00 2.162021240819863799e+00 8.881784197001252816e-17
3.040000000000000000e+03 7.700000000000000000e+01 0.000000000000000000e+00 2.162021240819863799e+00 8.881784197001252816e-17
3.060000000000000000e+03 7.700000000000000000e+01 0.000000000000000000e+00 2.162021240819863799e+00 8.881784197001252816e-17
3.080000000000000000e+03 7.700000000000000000e+01 0.000000000000000000e+00 2.162021240819863799e+00 8.881784197001252816e-17
3.100000000000000000e+03 7.700000000000000000e+01 0.000000000000000000e+00 2.162021240819863799e+00 8.881784197001252816e-17
3.120000000000000000e+03 7.700000000000000000e+01 0.000000000000000000e+00 2.162021240819863799e+00 8.881784197001252816e-17
3.140000000000000000e+03 7.700000000000000000e+01 0.000000000000000000e+00 2.162021240819863799e+00 8.881784197001252816e-17
3.160000000000000000e+03 7.700000000000000000e+01 0.000000000000000000e+00 2.162021240819863799e+00 8.881784197001252816e-17
3.180000000000000000e+03 7.700000000000000000e+01 0.000000000000000000e+00 2.162021240819863799e+00 8.881784197001252816e-17
3.200000000000000000e+03 7.700000000000000000e+01 0.000000000000000000e+00 2.162021240819863799e+00 8.881784197001252816e-17
3.220000000000000000e+03 7.700000000000000000e+01 0.000000000000000000e+00 2.162021240819863799e+00 8.881784197001252816e-17
3.240000000000000000e+03 7.700000000000000000e+01 0.000000000000000000e+00 2.162021240819863799e+00 8.881784197001252816e-17
3.260000000000000000e+03 7.700000000000000000e+01 0.000000000000000000e+00 2.162021240819863799e+00 8.881784197001252816e-17
3.280000000000000000e+03 7.700000000000000000e+01 0.000000000000000000e+00 2.162021240819863799e+00 8.881784197001252816e-17
3.300000000000000000e+03 7.700000000000000000e+01 0.000000000000000000e+00 2.162021240819863799e+00 8.881784197001252816e-17
3.320000000000000000e+03 7.700000000000000000e+01 0.000000000000000000e+00 2.162021240819863799e+00 8.881784197001252816e-17
3.340000000000000000e+03 7.700000000000000000e+01 0.000000000000000000e+00 2.162021240819863799e+00 8.881784197001252816e-17
3.360000000000000000e+03 7.700000000000000000e+01 0.000000000000000000e+00 2.162021240819863799e+00 8.881784197001252816e-17
3.380000000000000000e+03 7.700000000000000000e+01 0.000000000000000000e+00 2.162021240819863799e+00 8.881784197001252816e-17
3.400000000000000000e+03 7.700000000000000000e+01 0.000000000000000000e+00 2.162021240819863799e+00 8.881784197001252816e-17
3.420000000000000000e+03 7.700000000000000000e+01 0.000000000000000000e+00 2.162021240819863799e+00 8.881784197001252816e-17
3.440000000000000000e+03 7.700000000000000000e+01 0.000000000000000000e+00 2.162021240819863799e+00 8.881784197001252816e-17
3.460000000000000000e+03 7.700000000000000000e+01 0.000000000000000000e+00 2.162021240819863799e+00 8.881784197001252816e-17
3.480000000000000000e+03 7.679999999999999716e+01 0.000000000000000000e+00 2.201520334726301709e+00 8.881784197001252816e-17
3.500000000000000000e+03 7.659999999999999432e+01 0.000000000000000000e+00 2.243098328312026268e+00 0.000000000000000000e+00
3.520000000000000000e+03 7.659999999999999432e+01 0.000000000000000000e+00 2.243098328312026268e+00 0.000000000000000000e+00
3.540000000000000000e+03 7.659999999999999432e+01 0.000000000000000000e+00 2.243098328312026268e+00 0.000000000000000000e+00
3.560000000000000000e+03 7.659999999999999432e+01 0.000000000000000000e+00 2.243098328312026268e+00 0.000000000000000000e+00
3.580000000000000000e+03 7.659999999999999432e+01 0.000000000000000000e+00 2.243098328312026268e+00 0.000000000000000000e+00
3.600000000000000000e+03 7.659999999999999432e+01 0.000000000000000000e+00 2.243098328312026268e+00 0.000000000000000000e+00
3.620000000000000000e+03 7.659999999999999432e+01 0.000000000000000000e+00 2.243098328312026268e+00 0.000000000000000000e+00
3.640000000000000000e+03 7.659999999999999432e+01 0.000000000000000000e+00 2.243098328312026268e+00 0.000000000000000000e+00
3.660000000000000000e+03 7.659999999999999432e+01 0.000000000000000000e+00 2.243098328312026268e+00 0.000000000000000000e+00
3.680000000000000000e+03 7.659999999999999432e+01 0.000000000000000000e+00 2.243098328312026268e+00 0.000000000000000000e+00
3.700000000000000000e+03 7.659999999999999432e+01 0.000000000000000000e+00 2.243098328312026268e+00 0.000000000000000000e+00
3.720000000000000000e+03 7.659999999999999432e+01 0.000000000000000000e+00 2.243098328312026268e+00 0.000000000000000000e+00
3.740000000000000000e+03 7.659999999999999432e+01 0.000000000000000000e+00 2.243098328312026268e+00 0.000000000000000000e+00
3.760000000000000000e+03 7.659999999999999432e+01 0.000000000000000000e+00 2.243098328312026268e+00 0.000000000000000000e+00
3.780000000000000000e+03 7.659999999999999432e+01 0.000000000000000000e+00 2.243098328312026268e+00 0.000000000000000000e+00
3.800000000000000000e+03 7.659999999999999432e+01 0.000000000000000000e+00 2.243098328312026268e+00 0.000000000000000000e+00
3.820000000000000000e+03 7.659999999999999432e+01 0.000000000000000000e+00 2.243098328312026268e+00 0.000000000000000000e+00
3.840000000000000000e+03 7.659999999999999432e+01 0.000000000000000000e+00 2.243098328312026268e+00 0.000000000000000000e+00
3.860000000000000000e+03 7.659999999999999432e+01 0.000000000000000000e+00 2.243098328312026268e+00 0.000000000000000000e+00
3.880000000000000000e+03 7.659999999999999432e+01 0.000000000000000000e+00 2.243098328312026268e+00 0.000000000000000000e+00
3.900000000000000000e+03 7.659999999999999432e+01 0.000000000000000000e+00 2.243098328312026268e+00 0.000000000000000000e+00
3.920000000000000000e+03 7.659999999999999432e+01 0.000000000000000000e+00 2.243098328312026268e+00 0.000000000000000000e+00
3.940000000000000000e+03 7.659999999999999432e+01 0.000000000000000000e+00 2.243098328312026268e+00 0.000000000000000000e+00
3.960000000000000000e+03 7.659999999999999432e+01 0.000000000000000000e+00 2.243098328312026268e+00 0.000000000000000000e+00
3.980000000000000000e+03 7.659999999999999432e+01 0.000000000000000000e+00 2.243098328312026268e+00 0.000000000000000000e+00
4.000000000000000000e+03 7.659999999999999432e+01 0.000000000000000000e+00 2.243098328312026268e+00 0.000000000000000000e+00
4.020000000000000000e+03 7.659999999999999432e+01 0.000000000000000000e+00 2.243098328312026268e+00 0.000000000000000000e+00
4.040000000000000000e+03 7.659999999999999432e+01 0.000000000000000000e+00 2.243098328312026268e+00 0.000000000000000000e+00
4.060000000000000000e+03 7.659999999999999432e+01 0.000000000000000000e+00 2.243098328312026268e+00 0.000000000000000000e+00
4.080000000000000000e+03 7.659999999999999432e+01 0.000000000000000000e+00 2.243098328312026268e+00 0.000000000000000000e+00
4.100000000000000000e+03 7.659999999999999432e+01 0.000000000000000000e+00 2.243098328312026268e+00 0.000000000000000000e+00
4.120000000000000000e+03 7.659999999999999432e+01 0.000000000000000000e+00 2.243098328312026268e+00 0.000000000000000000e+00
4.140000000000000000e+03 7.659999999999999432e+01 0.000000000000000000e+00 2.243098328312026268e+00 0.000000000000000000e+00
4.160000000000000000e+03 7.659999999999999432e+01 0.000000000000000000e+00 2.243098328312026268e+00 0.000000000000000000e+00
4.180000000000000000e+03 7.659999999999999432e+01 0.000000000000000000e+00 2.243098328312026268e+00 0.000000000000000000e+00
4.200000000000000000e+03 7.659999999999999432e+01 0.000000000000000000e+00 2.243098328312026268e+00 0.000000000000000000e+00
4.220000000000000000e+03 7.659999999999999432e+01 0.000000000000000000e+00 2.243098328312026268e+00 0.000000000000000000e+00
4.240000000000000000e+03 7.659999999999999432e+01 0.000000000000000000e+00 2.243098328312026268e+00 0.000000000000000000e+00
4.260000000000000000e+03 7.659999999999999432e+01 0.000000000000000000e+00 2.243098328312026268e+00 0.000000000000000000e+00
4.280000000000000000e+03 7.659999999999999432e+01 0.000000000000000000e+00 2.243098328312026268e+00 0.000000000000000000e+00
4.300000000000000000e+03 7.659999999999999432e+01 0.000000000000000000e+00 2.243098328312026268e+00 0.000000000000000000e+00
4.320000000000000000e+03 7.659999999999999432e+01 0.000000000000000000e+00 2.243098328312026268e+00 0.000000000000000000e+00
4.340000000000000000e+03 7.659999999999999432e+01 0.000000000000000000e+00 2.243098328312026268e+00 0.000000000000000000e+00
4.360000000000000000e+03 7.659999999999999432e+01 0.000000000000000000e+00 2.243098328312026268e+00 0.000000000000000000e+00
4.380000000000000000e+03 7.659999999999999432e+01 0.000000000000000000e+00 2.243098328312026268e+00 0.000000000000000000e+00
4.400000000000000000e+03 7.659999999999999432e+01 0.000000000000000000e+00 2.243098328312026268e+00 0.000000000000000000e+00
4.420000000000000000e+03 7.659999999999999432e+01 0.000000000000000000e+00 2.243098328312026268e+00 0.000000000000000000e+00
4.440000000000000000e+03 7.659999999999999432e+01 0.000000000000000000e+00 2.243098328312026268e+00 0.000000000000000000e+00
4.460000000000000000e+03 7.659999999999999432e+01 0.000000000000000000e+00 2.243098328312026268e+00 0.000000000000000000e+00
4.480000000000000000e+03 7.659999999999999432e+01 0.000000000000000000e+00 2.243098328312026268e+00 0.000000000000000000e+00
4.500000000000000000e+03 7.659999999999999432e+01 0.000000000000000000e+00 2.243098328312026268e+00 0.000000000000000000e+00
4.520000000000000000e+03 7.659999999999999432e+01 0.000000000000000000e+00 2.243098328312026268e+00 0.000000000000000000e+00
4.540000000000000000e+03 7.659999999999999432e+01 0.000000000000000000e+00 2.243098328312026268e+00 0.000000000000000000e+00
4.560000000000000000e+03 7.659999999999999432e+01 0.000000000000000000e+00 2.243098328312026268e+00 0.000000000000000000e+00
4.580000000000000000e+03 7.659999999999999432e+01 0.000000000000000000e+00 2.243098328312026268e+00 0.000000000000000000e+00
4.600000000000000000e+03 7.659999999999999432e+01 0.000000000000000000e+00 2.243098328312026268e+00 0.000000000000000000e+00
4.620000000000000000e+03 7.659999999999999432e+01 0.000000000000000000e+00 2.243098328312026268e+00 0.000000000000000000e+00
4.640000000000000000e+03 7.659999999999999432e+01 0.000000000000000000e+00 2.243098328312026268e+00 0.000000000000000000e+00
4.660000000000000000e+03 7.659999999999999432e+01 0.000000000000000000e+00 2.243098328312026268e+00 0.000000000000000000e+00
4.680000000000000000e+03 7.659999999999999432e+01 0.000000000000000000e+00 2.243098328312026268e+00 0.000000000000000000e+00
4.700000000000000000e+03 7.659999999999999432e+01 0.000000000000000000e+00 2.243098328312026268e+00 0.000000000000000000e+00
4.720000000000000000e+03 7.659999999999999432e+01 0.000000000000000000e+00 2.243098328312026268e+00 0.000000000000000000e+00
4.740000000000000000e+03 7.659999999999999432e+01 0.000000000000000000e+00 2.243098328312026268e+00 0.000000000000000000e+00
4.760000000000000000e+03 7.659999999999999432e+01 0.000000000000000000e+00 2.243098328312026268e+00 0.000000000000000000e+00
4.780000000000000000e+03 7.659999999999999432e+01 0.000000000000000000e+00 2.243098328312026268e+00 0.000000000000000000e+00
4.800000000000000000e+03 7.659999999999999432e+01 0.000000000000000000e+00 2.243098328312026268e+00 0.000000000000000000e+00
4.820000000000000000e+03 7.659999999999999432e+01 0.000000000000000000e+00 2.243098328312026268e+00 0.000000000000000000e+00
4.840000000000000000e+03 7.659999999999999432e+01 0.000000000000000000e+00 2.243098328312026268e+00 0.000000000000000000e+00
4.860000000000000000e+03 7.659999999999999432e+01 0.000000000000000000e+00 2.243098328312026268e+00 0.000000000000000000e+00
4.880000000000000000e+03 7.659999999999999432e+01 0.000000000000000000e+00 2.243098328312026268e+00 0.000000000000000000e+00
4.900000000000000000e+03 7.659999999999999432e+01 0.000000000000000000e+00 2.243098328312026268e+00 0.000000000000000000e+00
4.920000000000000000e+03 7.659999999999999432e+01 0.000000000000000000e+00 2.243098328312026268e+00 0.000000000000000000e+00
4.940000000000000000e+03 7.659999999999999432e+01 0.000000000000000000e+00 2.243098328312026268e+00 0.000000000000000000e+00
4.960000000000000000e+03 7.659999999999999432e+01 0.000000000000000000e+00 2.243098328312026268e+00 0.000000000000000000e+00
4.980000000000000000e+03 7.659999999999999432e+01 0.000000000000000000e+00 2.243098328312026268e+00 0.000000000000000000e+00
